TopMembershipcrimeID1=[0.0000,0.0000,0.0000,0.0000,0.0000,0.0000,78.5140,0.0000,0.0000,0.0000,0.0000,0.0000,0.0000,0.0000,7.3011,0.0000,8.6953,4.4353,23.9548,0.0000];	TopMembershipcrimeID2=[0.0000,0.0000,20.1440,0.0000,0.0000,0.0000,108.7262,0.0000,0.0000,0.0000,0.0000,2.4908,0.0000,0.0000,27.0958,8.2277,11.9841,16.4764,0.0000,0.0000];	TopMembershipcrimeID3=[0.0000,0.0000,5.0320,0.0000,0.0000,0.0000,183.7327,0.0000,0.0000,0.0000,0.0000,18.4680,0.0000,0.0000,107.9316,16.9885,7.3884,0.0000,19.9435,0.0000];	TopMembershipcrimeID4=[0.0000,0.0000,10.1696,0.0000,0.0000,0.0000,49.2950,0.0000,0.0000,0.0000,0.0000,0.0000,0.4376,0.0000,11.0446,7.8286,4.3359,11.8708,0.0000,0.0000];	TopMembershipcrimeID5=[0.0000,1.4154,0.0000,0.0000,0.4808,0.0000,61.3634,7.9849,0.0000,0.0000,0.0000,7.3447,0.0000,0.0000,0.0000,0.0000,0.0000,0.0000,37.4278,0.0000];	TopMembershipcrimeID6=[0.0000,0.0000,0.8689,0.0000,0.0000,0.0000,17.9895,0.0000,0.0000,0.0000,0.0000,2.9441,0.0000,0.0000,0.0000,8.1522,0.0000,0.0000,1.4044,0.0000];	TopMembershipcrimeID7=[0.0000,0.0000,7.3885,0.0000,0.0000,0.0000,64.6180,0.0000,0.0000,0.0000,0.0000,0.0000,10.1868,0.0000,26.3587,0.0000,10.9058,0.0000,8.2650,0.0000];	TopMembershipcrimeID8=[0.0000,0.0000,3.6861,0.0000,0.0000,0.0000,24.9470,0.0000,0.0000,0.0000,0.0000,0.0000,3.4719,0.0000,5.8969,2.1042,1.0388,4.5759,0.0000,0.0000];	TopMembershipcrimeID9=[0.0000,0.0000,0.0000,0.0000,0.0000,0.0000,28.4517,0.0000,0.0000,0.0000,0.0000,2.7224,0.0000,0.0000,0.0000,0.0000,16.0354,0.0000,0.0000,5.6583];	TopMembershipcrimeID10=[0.0000,0.0000,6.9992,0.0000,0.0000,0.0000,28.6404,0.0000,0.0000,0.0000,0.0000,0.0000,0.0000,0.0000,6.7135,3.0947,1.1891,4.1308,4.1199,0.0000];	
it9000_crime = [TopMembershipcrimeID1; TopMembershipcrimeID2; TopMembershipcrimeID3; TopMembershipcrimeID4; TopMembershipcrimeID5; TopMembershipcrimeID6; TopMembershipcrimeID7; TopMembershipcrimeID8; TopMembershipcrimeID9; TopMembershipcrimeID10 ]

TopMembershipeconomyID1=[71.2470,172.7829,70.8385,177.4334,182.0963,188.0505,35.7342,3202.4787,158.8294,0.0000,135.4168,453.5755,0.0000,112.0041,421.9911,0.0000,21.2154,0.0000,42.3894,84.5377];	TopMembershipeconomyID2=[0.0000,0.0000,7.8297,0.0000,0.0000,5.0235,23.0556,718.2710,0.0000,0.0000,0.0000,102.8273,29.6250,0.0000,0.0000,48.1483,0.0000,59.3926,123.6930,2.5670];	TopMembershipeconomyID3=[1.5234,0.0000,9.1797,0.0000,0.0000,2.4861,2.8648,297.1812,0.0000,6.8068,0.0000,15.9917,4.7427,0.0000,15.1687,17.4571,0.0000,0.0000,8.5507,0.0000];	TopMembershipeconomyID4=[0.0000,0.0000,14.6580,0.0000,0.0000,0.0000,33.9700,386.6822,0.0000,7.8498,0.0000,0.0000,28.1807,0.0000,0.0000,75.0473,0.0000,0.0000,12.4714,0.0000];	TopMembershipeconomyID5=[22.7592,11.8295,5.8967,7.3300,16.3063,0.0000,34.6570,375.5097,0.0000,0.0000,0.0000,35.9035,27.5007,2.9941,34.8015,19.6731,0.0000,0.0000,0.0000,0.0000];	TopMembershipeconomyID6=[15.8521,10.8168,0.3642,6.8478,13.4936,0.0000,23.5324,271.9689,2.5301,0.0000,0.0000,0.0000,30.3741,4.8657,7.5443,12.8547,0.0000,0.0000,0.0000,0.0000];	TopMembershipeconomyID7=[0.0000,0.0000,20.0975,0.0000,0.0000,0.0000,9.1792,161.2080,0.0000,1.1082,0.0000,0.0000,27.7066,0.0000,0.0000,30.7581,0.0000,0.0000,0.0000,0.0000];	TopMembershipeconomyID8=[8.7370,4.0497,41.9038,10.9689,8.8387,0.9624,0.0000,187.1461,0.0000,0.0000,15.0477,0.0000,5.5933,0.0000,11.1141,0.0000,0.0000,0.8141,11.5676,0.0000];	TopMembershipeconomyID9=[0.0000,0.0000,36.4987,0.0000,0.0000,8.0430,0.0000,175.4521,0.0000,0.0000,0.0000,0.0000,2.6701,0.0000,52.4078,12.5806,0.7240,0.0000,3.8755,4.0393];	TopMembershipeconomyID10=[0.0000,0.0000,109.4284,0.0000,0.0000,0.0000,0.0000,295.7624,0.0000,0.0000,0.0000,0.0000,0.0000,0.0000,0.0000,36.9857,0.0000,43.4012,52.8962,0.0000];
it9000_economy = [TopMembershipeconomyID1; TopMembershipeconomyID2; TopMembershipeconomyID3; TopMembershipeconomyID4; TopMembershipeconomyID5; TopMembershipeconomyID6; TopMembershipeconomyID7; TopMembershipeconomyID8; TopMembershipeconomyID9; TopMembershipeconomyID10 ]

TopMembershipeducationID1=[0.0000,0.0000,0.0000,15.7805,1.8574,9.7780,0.0000,112.8470,2.5786,0.0000,35.7122,46.6643,0.0000,0.0000,512.5311,0.0000,32.9324,64.9478,127.5191,0.0000];	TopMembershipeducationID2=[6.3250,0.0000,0.0000,0.0000,0.0000,0.0000,0.1474,2.6816,0.0000,9.0770,0.0000,1.4912,0.0000,0.0000,80.2076,10.9573,4.5096,0.0000,9.7917,0.0000];	TopMembershipeducationID3=[0.0000,3.4253,1.2833,0.0000,0.0000,13.1346,0.0000,8.4271,8.5936,1.1970,0.0000,5.3219,1.7891,7.2655,85.3258,0.0000,1.6380,0.0000,4.9063,16.9459];	TopMembershipeducationID4=[0.0000,0.0000,5.4399,0.0000,0.0000,0.0000,0.0000,4.7507,0.0000,2.2617,0.0000,0.0000,0.0000,0.0000,70.0129,1.3101,0.0000,15.8824,27.0912,0.0000];	TopMembershipeducationID5=[0.0000,0.0000,0.8985,0.0000,0.0000,2.0851,2.0272,3.1746,0.9951,0.3012,0.0000,0.0000,0.0000,0.0000,40.2119,0.0000,0.0000,3.3255,13.4069,1.4996];	TopMembershipeducationID6=[0.0000,0.0000,8.0385,0.0000,0.0000,0.0000,1.9056,4.0651,0.0000,0.0000,0.0000,0.0000,0.5766,0.0000,36.2647,3.4663,0.6719,0.0000,4.7423,0.0000];	TopMembershipeducationID7=[0.0000,0.1226,1.1507,0.0000,0.0548,0.0000,1.9313,0.0729,0.0000,0.0000,0.0000,1.7216,0.0000,0.0000,13.3271,2.1724,0.3530,0.0000,0.0000,0.3035];	TopMembershipeducationID8=[0.0000,0.0000,0.5464,0.0000,0.0000,0.0000,0.3098,0.2032,0.0000,0.2106,0.6140,0.0000,0.0000,0.0000,9.7070,0.0000,1.0957,0.6336,0.6333,0.0000];	TopMembershipeducationID9=[3.4522,0.0000,3.6402,0.0000,0.0000,3.8654,0.0000,6.0864,0.0000,11.7616,0.0000,0.0000,0.0000,1.4846,56.5257,2.8478,0.0000,7.2562,9.8671,2.8438];	TopMembershipeducationID10=[0.0000,0.1588,0.6625,0.0000,0.0000,2.3197,0.0000,2.0131,0.9278,0.8084,0.0000,1.4772,0.0000,0.5613,18.4368,2.5889,0.2166,0.0000,0.0687,2.0074];
it9000_education = [TopMembershipeducationID1; TopMembershipeducationID2; TopMembershipeducationID3; TopMembershipeducationID4; TopMembershipeducationID5; TopMembershipeducationID6; TopMembershipeducationID7; TopMembershipeducationID8; TopMembershipeducationID9; TopMembershipeducationID10 ]

TopMembershipsportsID1=[0.0000,0.0000,0.0000,51.7841,0.6244,70.8281,0.0000,22.5398,17.0873,0.0000,114.9176,4.3075,5.1306,0.0000,112.8439,0.0000,114.4556,1092.7541,149.6608,18.6675];	TopMembershipsportsID2=[0.0000,0.0000,0.0000,0.0000,0.0000,0.0000,15.8801,0.0000,0.0000,47.3611,0.0000,26.7938,0.0000,0.0000,2.5613,0.0000,26.9461,388.5045,27.7789,2.6756];	TopMembershipsportsID3=[0.0000,0.0000,24.5499,0.0000,0.0000,0.0000,17.8979,0.0000,0.0000,1.3836,0.0000,0.0000,17.1851,0.0000,38.8479,3.3271,0.0000,243.7764,11.9251,0.0000];	TopMembershipsportsID4=[100.8633,118.7273,0.0000,61.9093,92.0655,183.3302,0.0000,6.4222,148.4238,30.7387,0.0000,112.8767,0.0000,142.4346,0.0000,0.0000,0.0000,1253.2938,53.3545,145.8285];	TopMembershipsportsID5=[3.0189,4.8891,0.0000,3.3591,4.2263,9.2357,7.6736,0.0000,6.0242,0.0000,0.0000,8.3223,0.0000,4.5474,25.1016,0.0000,0.7452,167.8101,1.4491,3.6355];	TopMembershipsportsID6=[0.6047,0.0000,0.0000,0.0000,0.0000,8.9547,0.0000,0.0000,2.8589,9.6436,0.0000,3.7671,0.0000,3.3288,0.8300,0.0422,2.4363,131.1276,5.4848,6.2789];	TopMembershipsportsID7=[0.0000,0.0000,0.0000,0.0000,0.0000,1.1978,20.5828,14.5003,1.8171,2.5022,0.0000,0.0000,0.0000,0.2282,0.0000,0.0000,17.2567,152.3454,1.9169,4.9920];	TopMembershipsportsID8=[0.0000,0.0000,0.0000,0.0000,0.0000,0.0000,110.2989,48.7107,4.1580,41.4445,0.0000,10.0373,0.0000,5.5408,44.9227,0.0000,11.8144,443.5518,56.6443,31.1642];	TopMembershipsportsID9=[0.0000,0.0000,0.0000,0.0000,0.0000,0.0000,37.0986,3.7162,0.0000,0.0000,48.7790,0.0000,0.7235,0.0000,140.0159,0.0000,44.2137,456.5968,61.5243,40.2892];	TopMembershipsportsID10=[6.4619,3.7814,1.6430,1.6080,3.4470,15.2272,0.0000,0.0000,4.8172,4.1854,0.0000,15.3021,0.0000,5.0486,0.0000,21.6180,0.0000,166.5700,0.0000,4.2263];	
it9000_sports = [TopMembershipsportsID1; TopMembershipsportsID2; TopMembershipsportsID3; TopMembershipsportsID4; TopMembershipsportsID5; TopMembershipsportsID6; TopMembershipsportsID7; TopMembershipsportsID8; TopMembershipsportsID9; TopMembershipsportsID10 ]

