TopMembershipcrimeID1=[0.0000,6.9930,0.0000,0.0000,3.8517,1.0346,76.9451,16.4378,0.0000,0.0000,0.0000,0.0000,1.8441,0.0000,7.2290,0.0000,8.6948,4.4228,16.3688,0.0000];	TopMembershipcrimeID2=[0.0000,1.2588,22.7259,0.0000,0.0000,0.0000,108.7406,0.0000,0.0000,0.0000,0.0000,2.3471,8.7818,0.0000,26.1358,8.8213,11.9763,16.2727,0.0000,0.0000];	TopMembershipcrimeID3=[0.0000,60.6370,7.1060,0.0000,48.4741,0.0000,178.8399,0.0000,0.0000,0.0000,0.0000,18.2619,0.0000,0.0000,106.9512,15.9146,7.3737,0.0000,0.0000,0.0000];	TopMembershipcrimeID4=[0.0000,0.0000,10.5775,0.0000,0.0000,0.0000,49.6379,0.0000,0.0000,0.0000,0.0000,0.0000,6.0224,0.0000,10.6167,8.0010,4.3325,11.7707,0.0000,0.0000];	TopMembershipcrimeID5=[3.7168,14.3835,0.0000,0.7201,13.0289,6.3704,60.2114,0.0000,6.1855,0.0000,0.0000,7.3115,0.0000,1.7167,0.0000,0.0000,0.0000,0.0000,9.5711,0.0000];	TopMembershipcrimeID6=[0.0000,2.0272,0.0000,0.0000,2.2447,0.0000,17.5696,0.0000,0.0000,0.0000,0.0000,2.9262,0.0000,0.0000,0.0000,7.8318,0.0000,0.0000,0.0000,0.0000];	TopMembershipcrimeID7=[0.0000,2.7430,9.3609,0.0000,1.9529,0.0000,64.5302,7.7610,0.0000,0.0000,0.0000,0.0000,14.4581,0.0000,25.8890,0.0000,10.9004,0.0000,3.4655,0.0000];	TopMembershipcrimeID8=[0.0000,1.6229,4.0922,0.0000,1.4716,0.0000,24.9764,1.6748,0.0000,0.0000,0.0000,0.0000,5.4477,0.0000,5.6980,2.1780,1.0372,4.5351,0.2944,0.0000];	TopMembershipcrimeID9=[0.0000,5.5836,0.0000,0.0000,1.3004,7.1765,26.7735,0.0000,3.1421,0.0000,0.0000,2.7040,0.0000,0.0000,0.0000,0.0000,16.0353,0.0000,3.5019,0.0000];	TopMembershipcrimeID10=[0.0000,0.0000,7.7175,0.0000,0.0000,0.0000,28.6810,0.0000,0.0000,0.0000,0.0000,0.0000,1.1014,0.0000,6.5242,3.3066,1.1874,4.0976,0.0000,0.0000];	
it3000_crime = [TopMembershipcrimeID1; TopMembershipcrimeID2; TopMembershipcrimeID3; TopMembershipcrimeID4; TopMembershipcrimeID5; TopMembershipcrimeID6; TopMembershipcrimeID7; TopMembershipcrimeID8; TopMembershipcrimeID9; TopMembershipcrimeID10 ]

TopMembershipeconomyID1=[48.2580,184.4841,134.2731,227.7286,171.0541,79.8676,38.6821,0.0000,21.7367,0.0000,117.4821,453.8311,0.0000,124.2627,475.0006,0.0000,21.1340,0.0000,0.0000,183.3590];	TopMembershipeconomyID2=[0.0000,8.3146,4.0801,0.0000,0.0000,1.5890,23.8137,0.5997,12.7996,0.0000,0.0000,102.8889,32.4187,0.0000,0.0000,46.1557,0.0000,59.5358,0.0000,1.7670];	TopMembershipeconomyID3=[6.0035,1.6276,9.4661,0.0000,0.3964,0.0000,2.7338,0.0000,0.0000,5.4437,0.0000,16.0098,6.5823,2.2271,20.1630,16.9801,0.0000,0.0000,0.0000,0.3962];	TopMembershipeconomyID4=[16.1852,12.5176,6.6070,0.0000,9.5960,0.0000,33.3326,0.0000,0.0000,0.0000,0.0000,0.0000,38.3063,0.0000,0.0000,72.2759,0.0000,0.0000,0.0000,0.0000];	TopMembershipeconomyID5=[24.1673,16.6559,6.7275,3.9606,18.5693,0.0000,35.2021,0.0000,0.0000,3.3774,0.0000,35.8893,33.7758,6.1676,41.0150,18.7463,0.0000,0.0000,0.0000,0.0000];	TopMembershipeconomyID6=[14.9739,12.6344,0.4972,2.5727,12.8439,0.0000,24.2727,9.0652,2.3635,0.3424,0.0000,0.0000,33.7670,5.7735,12.0813,12.0572,0.0000,0.0000,1.1410,0.0000];	TopMembershipeconomyID7=[1.1094,0.3843,18.9339,0.0000,0.0000,0.0000,9.4287,5.9483,0.0000,0.0000,0.0000,0.0000,31.3813,0.0000,0.0000,30.3883,0.0000,0.0000,0.0000,0.0000];	TopMembershipeconomyID8=[0.0000,0.0000,54.9280,15.5223,0.0000,0.0000,0.2724,0.0000,0.0000,1.6702,17.3212,0.0000,9.7991,0.0000,14.1684,0.0000,0.0000,0.7663,0.0000,8.5662];	TopMembershipeconomyID9=[0.0000,0.0000,41.9728,0.0000,0.0000,0.0000,0.0000,0.0000,0.0000,0.0000,0.0000,0.0000,3.8004,0.0000,55.1220,13.7492,0.7140,0.0000,0.0000,18.3995];	TopMembershipeconomyID10=[0.0000,0.0000,116.2152,0.0000,0.0000,0.0000,0.0000,0.0000,0.0000,0.0000,17.0754,0.0000,0.0000,0.0000,0.0000,41.8230,0.0000,43.4209,0.0000,0.0000];
it3000_economy = [TopMembershipeconomyID1; TopMembershipeconomyID2; TopMembershipeconomyID3; TopMembershipeconomyID4; TopMembershipeconomyID5; TopMembershipeconomyID6; TopMembershipeconomyID7; TopMembershipeconomyID8; TopMembershipeconomyID9; TopMembershipeconomyID10 ]

TopMembershipeducationID1=[0.0000,16.5737,0.0000,55.7303,21.3475,1.0938,0.0000,0.0000,0.0000,0.0000,54.5709,46.7358,0.0000,8.0949,511.6195,0.0000,32.8663,66.0230,0.0000,22.2628];	TopMembershipeducationID2=[15.0387,2.3865,0.0000,0.0000,5.5517,0.0000,0.0000,0.0000,0.0000,8.7761,0.0000,1.4921,0.0000,4.7129,79.7681,10.2890,4.4998,0.0000,0.0000,0.0000];	TopMembershipeducationID3=[5.7369,7.7229,1.9391,0.0000,5.4183,21.3571,0.0000,9.7745,0.0000,0.0000,0.0000,5.3292,0.0000,17.0252,84.8133,0.0000,1.6261,0.0000,16.8007,23.0026];	TopMembershipeducationID4=[0.0000,0.0000,5.9822,0.0000,0.0000,0.0000,0.0000,0.0000,0.0000,4.1397,0.0000,0.0000,0.0000,0.0000,69.6658,1.5392,0.0000,16.0141,0.0000,5.1431];	TopMembershipeducationID5=[2.5617,2.9158,1.6232,3.2670,3.0809,1.3947,1.2535,0.0000,0.0000,0.0000,0.7407,0.0000,0.0000,3.4343,40.0159,0.0000,0.0000,3.4180,0.0000,3.6826];	TopMembershipeducationID6=[0.0000,0.0000,8.4911,0.0000,0.0000,0.0000,1.7076,2.8106,0.0000,0.0000,1.1729,0.0000,0.8820,0.0000,36.0129,3.7643,0.6663,0.0000,0.0000,0.0000];	TopMembershipeducationID7=[0.0000,1.3482,0.9914,0.0000,1.2082,0.8849,1.5172,0.0000,0.0000,0.0000,0.0000,1.7192,0.0000,0.1861,13.2511,2.1247,0.3503,0.0000,0.2981,1.2547];	TopMembershipeducationID8=[0.0000,0.0000,0.6326,0.5029,0.0000,0.0318,0.1420,0.0000,0.0000,0.1748,1.0913,0.0000,0.0000,0.0000,9.6459,0.0000,1.0941,0.6447,0.0000,0.4074];	TopMembershipeducationID9=[8.4270,0.0000,3.6237,0.0000,0.0000,3.6777,0.0000,0.7982,0.0000,13.7128,0.0000,0.0000,0.0000,6.4236,56.2199,2.9154,0.0000,7.3298,0.5441,8.5747];	TopMembershipeducationID10=[1.4329,1.3472,0.2900,0.0000,1.3010,2.0416,0.0000,0.0000,0.0000,0.0000,0.0000,1.4800,0.0000,2.5486,18.3408,2.5050,0.2141,0.0000,0.0000,3.5550];
it3000_education = [TopMembershipeducationID1; TopMembershipeducationID2; TopMembershipeducationID3; TopMembershipeducationID4; TopMembershipeducationID5; TopMembershipeducationID6; TopMembershipeducationID7; TopMembershipeducationID8; TopMembershipeducationID9; TopMembershipeducationID10 ]

TopMembershipsportsID1=[0.0000,0.0000,0.0000,92.2285,0.0000,7.4831,0.0000,58.6035,0.0000,0.0000,147.0379,4.5551,0.0000,0.0000,111.7454,0.0000,114.4454,1092.9697,16.1933,41.3904];	TopMembershipsportsID2=[0.0000,0.0000,0.0000,0.0000,0.0000,0.0000,14.8196,0.0000,0.0000,25.3495,0.0000,26.7852,0.0000,0.0000,2.4691,0.0000,26.9468,388.4521,0.0000,0.0000];	TopMembershipsportsID3=[0.0000,0.0000,28.0022,0.0000,0.0000,0.0000,19.5693,25.1946,0.0000,7.4975,0.0000,0.0000,15.5796,0.0000,38.0400,4.4976,0.0000,243.6491,5.0428,0.1454];	TopMembershipsportsID4=[166.7496,181.8437,0.0000,87.3186,168.2197,118.1637,0.0000,0.0000,176.0280,0.0000,0.0000,113.0410,0.0000,169.9639,0.0000,0.0000,0.0000,1253.4581,0.0000,149.4493];	TopMembershipsportsID5=[6.8109,9.6041,0.0000,8.4330,8.5249,2.2600,8.5628,0.0000,0.7602,0.0000,0.0000,8.3280,0.0000,7.3858,24.6791,0.0000,0.7433,167.7967,0.0000,6.1188];	TopMembershipsportsID6=[4.6642,1.1294,0.0000,0.0000,0.1605,3.0161,0.0000,0.0000,3.7581,6.8513,0.0000,3.7785,0.0000,5.1192,0.6545,0.0000,2.4382,131.1266,0.0000,6.1214];	TopMembershipsportsID7=[0.6268,7.7792,0.0000,0.0000,4.6857,6.9289,20.1614,0.0000,6.3890,0.0000,0.0000,0.0000,0.0000,4.9737,0.0000,0.0000,17.2585,152.3249,0.1977,0.0000];	TopMembershipsportsID8=[14.5490,18.6556,0.0000,0.0000,5.8253,41.3484,108.3053,0.0000,10.6609,14.2504,0.0000,9.9926,0.0000,26.6414,45.0824,0.0000,11.8108,443.5004,29.1034,1.8040];	TopMembershipsportsID9=[0.0000,0.0000,12.3005,0.0000,0.0000,40.5322,37.9602,182.9894,0.0000,6.6143,85.8934,0.0000,0.0000,0.0000,138.8302,0.0000,44.1675,456.3843,121.7753,28.4172];	TopMembershipsportsID10=[7.1430,3.2540,0.0000,3.8619,3.2026,0.0000,0.0000,0.0000,5.7494,4.0250,0.0000,15.3294,0.8994,4.8426,0.0000,20.8332,0.0000,166.5412,0.0000,11.5672];	
it3000_sports = [TopMembershipsportsID1; TopMembershipsportsID2; TopMembershipsportsID3; TopMembershipsportsID4; TopMembershipsportsID5; TopMembershipsportsID6; TopMembershipsportsID7; TopMembershipsportsID8; TopMembershipsportsID9; TopMembershipsportsID10 ]

