TopMembershipcrimeID1=[0.0000,13.0410,0.0000,0.0000,2.0027,0.0000,65.6035,8.5093,0.4957,0.0000,0.0000,0.0000,2.7365,0.0000,61.8938,0.0000,8.7048,4.6684,11.4578,0.0000];	TopMembershipcrimeID2=[0.0000,0.0590,27.2935,0.0000,0.0000,0.0000,87.4681,0.0000,0.0000,0.0000,0.0000,2.5571,9.2676,0.0000,73.2475,6.9634,12.0053,16.3985,0.0000,0.0000];	TopMembershipcrimeID3=[0.0000,77.8485,19.6600,0.0000,62.5745,0.0000,150.4267,0.0000,9.2391,0.0000,0.0000,18.6862,0.0000,0.0000,117.1217,12.6217,7.4667,0.0000,0.0000,0.0000];	TopMembershipcrimeID4=[0.0000,0.0000,13.3289,0.0000,0.0000,0.0000,38.4449,0.0000,0.0000,0.0000,0.0000,0.0000,6.1242,0.0000,31.4113,7.0827,4.3447,11.7077,0.0000,0.0000];	TopMembershipcrimeID5=[0.0000,14.6130,0.0000,0.0000,10.5253,0.0000,54.8573,0.0000,8.9378,0.0000,0.0000,7.3640,0.0000,0.0000,52.9656,0.0000,0.0000,0.0000,4.5269,0.0000];	TopMembershipcrimeID6=[0.0000,3.5026,0.3632,0.0000,3.0784,0.0000,14.6072,0.0000,0.0000,0.0000,0.0000,2.9316,0.0000,0.0000,14.0487,7.7901,0.0000,0.0000,0.0000,0.0000];	TopMembershipcrimeID7=[0.0000,2.1348,11.0888,0.0000,0.0000,0.0000,52.1989,3.5291,0.0000,0.0000,0.0000,0.0000,14.9205,0.0000,43.0725,0.0000,10.9253,0.0000,0.0000,0.0000];	TopMembershipcrimeID8=[0.0000,1.7364,5.0730,0.0000,0.9817,0.0000,20.2562,0.7191,0.0000,0.0000,0.0000,0.0000,5.5840,0.0000,17.2675,1.7972,1.0431,4.5617,0.0000,0.0000];	TopMembershipcrimeID9=[0.0000,7.3658,0.0000,0.0000,0.0000,0.0000,24.5570,0.0000,4.4459,0.0000,0.0000,2.7231,0.0000,0.0000,24.7996,0.0000,16.0318,0.0000,0.0000,0.0000];	TopMembershipcrimeID10=[0.0000,0.0000,8.6594,0.0000,0.0000,0.0000,21.4339,0.0000,0.0000,0.0000,0.0000,0.0000,1.2288,0.0000,17.1285,2.8074,1.1947,4.1249,0.0000,0.0000];	
it400_crime = [TopMembershipcrimeID1; TopMembershipcrimeID2; TopMembershipcrimeID3; TopMembershipcrimeID4; TopMembershipcrimeID5; TopMembershipcrimeID6; TopMembershipcrimeID7; TopMembershipcrimeID8; TopMembershipcrimeID9; TopMembershipcrimeID10 ]

TopMembershipeconomyID1=[16.4461,135.1026,131.3258,107.1329,164.5085,118.7971,11.5812,0.0000,95.4073,0.0000,77.5843,454.4419,0.0000,92.3819,0.0000,0.0000,21.4699,0.0000,0.0000,99.9548];	TopMembershipeconomyID2=[0.0000,34.9270,3.9270,0.0000,25.0908,33.0777,0.0000,21.8721,9.7491,0.0000,0.0000,103.0111,32.8751,12.1684,0.0000,47.5483,0.0000,60.7365,25.0672,14.9293];	TopMembershipeconomyID3=[11.2928,5.4975,10.1316,0.0000,11.2709,2.5799,0.0000,0.0000,1.0365,3.3544,0.0000,16.0907,6.7191,4.9943,0.0000,17.0879,0.0000,0.0000,0.0000,0.0000];	TopMembershipeconomyID4=[25.9068,32.6582,14.7123,0.0000,47.1666,0.0000,13.1591,4.9318,5.5218,0.0000,0.0000,0.0000,38.8637,2.8835,0.0000,72.4807,0.0000,0.0000,8.0395,0.0000];	TopMembershipeconomyID5=[21.0392,15.4869,10.4170,0.0000,28.1106,0.0000,22.9720,8.7014,3.5681,6.1658,0.0000,35.9945,33.9684,0.8827,6.3800,18.2104,0.0000,0.0000,4.6960,0.0000];	TopMembershipeconomyID6=[13.9873,13.3127,2.9500,0.0000,18.9764,0.0000,16.2222,18.2773,5.6555,2.2879,0.0000,0.0000,33.9248,3.8896,5.5097,11.8717,0.0000,0.0000,12.1081,0.0000];	TopMembershipeconomyID7=[6.5469,9.1290,21.7865,0.0000,12.6009,0.0000,0.7368,15.9196,0.1152,0.0000,0.0000,0.0000,31.5427,0.2604,0.0000,30.1599,0.0000,0.0000,8.4429,0.0000];	TopMembershipeconomyID8=[0.0000,0.0000,54.2740,13.1590,0.0000,0.0000,0.0000,0.0000,0.0000,1.2883,17.0681,0.0000,9.3366,0.0000,0.0000,0.0000,0.0000,0.5649,0.0000,0.0000];	TopMembershipeconomyID9=[0.0000,0.0000,41.3218,0.6822,0.0000,4.2277,0.0000,0.0000,0.0000,0.0000,0.0000,0.0000,3.6886,0.0000,0.0000,13.1171,0.7539,0.0000,0.0000,4.4504];	TopMembershipeconomyID10=[0.0000,0.0000,101.2722,4.1140,0.0000,0.0000,0.0000,0.0000,0.0000,0.0000,46.7963,0.0000,0.0000,0.0000,0.0000,42.3789,0.0000,43.4326,0.0000,0.0000];
it400_economy = [TopMembershipeconomyID1; TopMembershipeconomyID2; TopMembershipeconomyID3; TopMembershipeconomyID4; TopMembershipeconomyID5; TopMembershipeconomyID6; TopMembershipeconomyID7; TopMembershipeconomyID8; TopMembershipeconomyID9; TopMembershipeconomyID10 ]

TopMembershipeducationID1=[0.0000,0.0000,0.0000,12.0273,0.0000,0.0000,0.0000,0.0000,0.0000,0.0000,47.6747,47.6052,0.0000,0.0000,0.0000,0.0000,33.2165,66.5737,0.0000,0.0000];	TopMembershipeducationID2=[13.3015,5.2249,0.0000,0.0000,13.3950,0.0000,0.0000,0.0000,0.0000,8.6779,0.0000,1.6327,0.0000,0.0000,0.0000,10.3802,4.5543,0.0000,0.0000,0.0000];	TopMembershipeducationID3=[4.9011,12.2702,1.9273,0.0000,8.5529,16.5275,1.3160,5.5305,13.1843,0.0000,0.0000,5.4838,0.0000,13.6143,0.0000,0.0000,1.6857,0.0000,11.8658,16.5523];	TopMembershipeducationID4=[0.0000,0.0000,4.8184,0.0000,0.0000,0.0000,0.0000,0.0000,0.0000,0.8013,0.0000,0.0000,0.0000,0.0000,0.0000,1.5851,0.0000,16.0716,0.0000,0.0000];	TopMembershipeducationID5=[1.1134,1.8107,1.3915,0.2779,3.9050,1.4611,0.3668,0.0000,0.5458,0.0000,0.0000,0.0000,0.0000,0.9123,0.0000,0.0000,0.0000,3.4977,0.0000,0.6975];	TopMembershipeducationID6=[0.0000,0.0000,8.0425,0.0000,0.0000,0.0000,0.0000,0.6836,0.0000,0.0000,2.1983,0.0000,0.9287,0.0000,0.0000,3.6864,0.6917,0.0000,0.0000,0.0000];	TopMembershipeducationID7=[0.0000,2.2514,1.1406,0.0000,1.3178,0.0000,1.3578,0.0000,0.2066,0.0000,0.0000,1.7397,0.0000,0.0000,0.7053,2.1112,0.3594,0.0000,0.6485,0.5778];	TopMembershipeducationID8=[0.0000,0.0000,0.4840,0.5525,0.0000,0.0000,0.0000,0.0000,0.0000,0.0000,1.2206,0.0000,0.0000,0.0000,0.0000,0.0000,1.1005,0.6555,0.0000,0.0000];	TopMembershipeducationID9=[9.7142,0.0000,3.1938,1.9476,1.9398,5.3142,0.0000,0.0000,0.4805,12.3109,0.0000,0.0000,0.0000,4.9070,0.0000,3.0285,0.0000,7.4325,0.0000,3.0771];	TopMembershipeducationID10=[1.3328,2.0972,0.4747,0.0000,2.6550,2.2527,0.0000,0.0000,1.4132,0.0000,0.0000,1.5085,0.0000,1.9525,0.0000,2.5536,0.2263,0.0000,0.0000,1.9103];
it400_education = [TopMembershipeducationID1; TopMembershipeducationID2; TopMembershipeducationID3; TopMembershipeducationID4; TopMembershipeducationID5; TopMembershipeducationID6; TopMembershipeducationID7; TopMembershipeducationID8; TopMembershipeducationID9; TopMembershipeducationID10 ]

TopMembershipsportsID1=[0.0000,0.0000,0.0000,120.9612,0.0000,155.8122,0.0000,45.0714,0.0000,0.0000,162.1258,5.3938,0.0000,0.0000,0.0000,0.0000,114.4556,1089.5922,0.0000,61.1261];	TopMembershipsportsID2=[0.0000,0.0000,0.0000,0.0000,0.0000,41.1768,0.0000,0.0000,0.0000,10.1691,0.0000,27.1512,0.0000,0.0000,0.0000,0.0000,26.9297,387.7602,0.0000,1.6215];	TopMembershipsportsID3=[0.0000,0.0000,22.8555,0.0000,0.0000,14.4952,0.0000,24.0478,0.0000,0.0000,0.0000,0.0000,15.8818,0.0000,0.0000,4.8145,0.0000,242.9459,2.7937,3.6418];	TopMembershipsportsID4=[203.7555,199.1388,0.0000,34.0012,247.4917,295.3549,2.4553,0.0000,167.5401,8.9602,0.0000,113.6857,0.0000,207.7613,9.0513,0.0000,0.0000,1250.5425,50.6101,187.8709];	TopMembershipsportsID5=[8.8573,8.0905,0.0000,0.2305,13.0380,23.0413,2.2935,0.0000,4.2155,0.0000,0.0000,8.5059,0.0000,8.6643,0.0000,0.0000,0.7505,167.4148,0.0000,8.5912];	TopMembershipsportsID6=[9.9347,1.9068,0.0000,2.1634,4.8182,22.7961,0.0000,0.0000,2.9011,6.7468,0.0000,3.8707,0.0000,9.5209,0.0000,0.1875,2.4297,130.8186,0.0000,9.5890];	TopMembershipsportsID7=[3.3097,11.0576,0.0000,0.0000,10.7131,20.2909,14.0741,0.0000,7.6921,0.0000,0.0000,0.0000,0.0000,7.5144,14.1961,0.0000,17.2479,152.0261,0.2231,6.6182];	TopMembershipsportsID8=[25.9224,28.3708,0.0000,0.0000,22.5876,67.3343,81.2713,0.0000,31.6562,0.0000,0.0000,10.6677,0.0000,31.0486,73.4333,0.0000,11.8234,443.3772,9.0529,30.8175];	TopMembershipsportsID9=[0.0000,0.0000,0.0000,46.5054,0.0000,74.4739,0.0000,103.2257,0.0000,0.0000,109.1183,0.0000,0.0000,0.0000,8.0370,0.0000,44.2497,456.1153,12.9598,43.3255];	TopMembershipsportsID10=[14.8742,5.9173,0.0000,7.7720,12.5363,25.7574,0.0000,0.0000,1.5999,5.7523,0.0000,15.3796,0.3341,11.8919,0.0000,21.6412,0.0000,165.9057,0.0000,12.0492];
it400_sports = [TopMembershipsportsID1; TopMembershipsportsID2; TopMembershipsportsID3; TopMembershipsportsID4; TopMembershipsportsID5; TopMembershipsportsID6; TopMembershipsportsID7; TopMembershipsportsID8; TopMembershipsportsID9; TopMembershipsportsID10 ]

