TopMembershipcrimeID1=[0.0000,14.9221,0.0000,0.0000,3.0292,0.0000,65.6484,11.7884,0.6505,0.0000,0.0000,0.0000,2.5430,0.0000,63.0831,0.0000,8.7054,4.8163,15.4755,0.0000];	TopMembershipcrimeID2=[0.0000,2.7400,25.3845,0.0000,0.0000,0.0000,87.5096,0.0000,0.0000,0.0000,0.0000,2.6105,9.2537,0.0000,76.6232,7.5573,12.0058,16.7064,0.0000,0.0000];	TopMembershipcrimeID3=[0.0000,82.8200,14.7901,0.0000,65.3654,0.0000,149.6495,0.0000,11.3487,0.0000,0.0000,18.7510,0.0000,0.0000,118.1986,13.8392,7.4694,0.0000,0.0000,0.0000];	TopMembershipcrimeID4=[0.0000,0.0000,12.3933,0.0000,0.0000,0.0000,38.5447,0.0000,0.0000,0.0000,0.0000,0.0000,6.1328,0.0000,33.6522,7.3944,4.3449,11.8699,0.0000,0.0000];	TopMembershipcrimeID5=[0.0000,15.2688,0.0000,0.0000,10.6592,0.0000,54.8027,0.0000,9.4124,0.0000,0.0000,7.3751,0.0000,0.0000,52.8372,0.0000,0.0000,0.0000,7.0398,0.0000];	TopMembershipcrimeID6=[0.0000,3.9264,0.0861,0.0000,3.2750,0.0000,14.6350,0.0000,0.0000,0.0000,0.0000,2.9365,0.0000,0.0000,14.2536,7.8640,0.0000,0.0000,0.3672,0.0000];	TopMembershipcrimeID7=[0.0000,3.4359,10.1257,0.0000,0.0000,0.0000,52.0195,5.3202,0.0000,0.0000,0.0000,0.0000,14.9013,0.0000,43.8970,0.0000,10.9256,0.0000,2.0473,0.0000];	TopMembershipcrimeID8=[0.0000,2.4371,4.6122,0.0000,1.4172,0.0000,20.2740,1.6969,0.0000,0.0000,0.0000,0.0000,5.5613,0.0000,18.1251,1.9365,1.0433,4.6311,1.0230,0.0000];	TopMembershipcrimeID9=[0.0000,7.1624,0.0000,0.0000,0.0000,0.0000,24.4346,0.0000,5.0779,0.0000,0.0000,2.7304,0.0000,0.0000,23.3521,0.0000,16.0311,0.0000,0.0000,0.0000];	TopMembershipcrimeID10=[0.0000,0.0000,8.1598,0.0000,0.0000,0.0000,21.4280,0.0000,0.0000,0.0000,0.0000,0.0000,1.2457,0.0000,18.2017,2.9729,1.1949,4.2207,0.0000,0.0000];
it300_crime = [TopMembershipcrimeID1; TopMembershipcrimeID2; TopMembershipcrimeID3; TopMembershipcrimeID4; TopMembershipcrimeID5; TopMembershipcrimeID6; TopMembershipcrimeID7; TopMembershipcrimeID8; TopMembershipcrimeID9; TopMembershipcrimeID10 ]

TopMembershipeconomyID1=[10.6916,133.7393,120.5793,88.0303,164.2550,55.4123,6.3930,0.0000,101.0598,0.0000,75.0780,454.3259,0.0000,86.8282,0.0000,0.0000,21.4822,0.0000,0.0000,77.2318];	TopMembershipeconomyID2=[0.6098,38.6010,1.6849,0.0000,28.0879,66.8022,0.0000,26.0445,5.6759,0.0000,0.0000,102.9854,32.4779,17.2793,0.0000,47.8295,0.0000,60.9696,29.6303,29.3476];	TopMembershipeconomyID3=[10.7104,5.3539,9.6063,0.0000,11.4024,0.0000,0.0000,0.0000,1.5522,3.5776,0.0000,16.0791,6.6932,4.4209,0.0000,17.1031,0.0000,0.0000,0.0000,0.0000];	TopMembershipeconomyID4=[24.3112,33.4180,13.0892,0.0000,48.4479,0.0000,12.4734,6.4973,6.9798,0.0000,0.0000,0.0000,38.5966,1.3390,0.0000,72.6368,0.0000,0.0000,8.9626,0.0000];	TopMembershipeconomyID5=[19.6354,16.1723,8.9922,0.0000,29.0556,0.0000,22.3970,9.8570,5.0624,5.9152,0.0000,35.9982,33.8306,0.0000,6.8220,18.4507,0.0000,0.0000,5.7527,0.0000];	TopMembershipeconomyID6=[13.0775,13.7651,2.1016,0.0000,19.7126,0.0000,15.7951,18.9172,6.7360,2.1405,0.0000,0.0000,33.8047,2.9227,5.4448,11.9864,0.0000,0.0000,12.6524,0.0000];	TopMembershipeconomyID7=[5.8312,9.2461,21.2292,0.0000,13.0786,0.0000,0.4015,15.8838,0.9025,0.0000,0.0000,0.0000,31.4816,0.0000,0.0000,30.1957,0.0000,0.0000,8.2288,0.0000];	TopMembershipeconomyID8=[0.0000,0.0000,52.7532,12.6769,0.0000,0.0000,0.0000,0.0000,0.0000,1.4040,17.0434,0.0000,9.4987,0.0000,0.0000,0.0000,0.0000,0.5624,0.0000,0.0000];	TopMembershipeconomyID9=[0.0000,0.0000,40.9362,0.0000,0.0000,0.0000,0.0000,0.0000,0.0000,0.0000,0.0000,0.0000,3.8102,0.0000,0.0000,13.1327,0.7541,0.0000,0.0000,1.9889];	TopMembershipeconomyID10=[0.0000,0.0000,104.1229,8.8195,0.0000,0.0000,0.0000,0.0000,0.0000,0.0000,48.0077,0.0000,0.0000,0.0000,0.0000,42.0371,0.0000,44.2438,0.0000,0.0000];
it300_economy = [TopMembershipeconomyID1; TopMembershipeconomyID2; TopMembershipeconomyID3; TopMembershipeconomyID4; TopMembershipeconomyID5; TopMembershipeconomyID6; TopMembershipeconomyID7; TopMembershipeconomyID8; TopMembershipeconomyID9; TopMembershipeconomyID10 ]

TopMembershipeducationID1=[0.0000,0.4258,0.0000,7.0368,0.0000,42.4504,0.0000,0.0000,0.0000,0.0000,47.3576,47.6152,0.0000,0.0000,0.0000,0.0000,33.2235,67.0016,0.0000,5.5820];	TopMembershipeducationID2=[13.8745,6.0248,0.0000,0.0000,14.1058,0.0000,0.0000,0.0000,0.0000,8.4045,0.0000,1.6324,0.0000,0.4551,0.0000,10.4908,4.5556,0.0000,0.0000,0.0000];	TopMembershipeducationID3=[4.0843,11.4803,1.9819,0.0000,8.1487,7.3075,0.9996,4.6324,13.8119,0.0000,0.0000,5.4727,0.0000,12.8746,0.0000,0.0000,1.6857,0.0000,10.4064,13.8234];	TopMembershipeducationID4=[0.2050,0.0000,4.5514,0.0000,0.0000,9.8515,0.0000,0.0000,0.0000,0.5518,0.0000,0.0000,0.0000,0.0000,0.0000,1.6717,0.0000,16.1572,0.0000,1.9805];	TopMembershipeducationID5=[1.4443,1.9802,1.1062,0.0000,3.9401,4.3019,0.3167,0.0000,0.1936,0.0000,0.0000,0.0000,0.0000,1.2443,0.0000,0.0000,0.0000,3.5382,0.0000,1.7742];	TopMembershipeducationID6=[0.0000,0.0000,8.1290,0.0000,0.0000,0.0000,0.0000,0.5685,0.0000,0.0000,2.2764,0.0000,0.9929,0.0000,0.0000,3.6827,0.6919,0.0000,0.0000,0.0000];	TopMembershipeducationID7=[0.0000,2.3335,1.0736,0.0000,1.3518,0.0000,1.3239,0.0000,0.2527,0.0000,0.0000,1.7392,0.0000,0.0000,0.6080,2.1228,0.3595,0.0000,0.7575,0.4628];	TopMembershipeducationID8=[0.0000,0.0000,0.4965,0.5653,0.0000,0.2696,0.0000,0.0000,0.0000,0.0000,1.2301,0.0000,0.0000,0.0000,0.0000,0.0000,1.1006,0.6669,0.0000,0.0000];	TopMembershipeducationID9=[10.3693,0.0000,3.1028,1.9304,2.0956,9.4114,0.0000,0.0000,0.0000,12.2071,0.0000,0.0000,0.0000,5.5668,0.0000,3.0372,0.0000,7.4635,0.0000,4.7823];	TopMembershipeducationID10=[1.3202,2.0356,0.4628,0.0000,2.6202,1.8105,0.0000,0.0000,1.3940,0.0000,0.0000,1.5065,0.0000,1.9538,0.0000,2.5451,0.2264,0.0000,0.0000,1.8274];
it300_education = [TopMembershipeducationID1; TopMembershipeducationID2; TopMembershipeducationID3; TopMembershipeducationID4; TopMembershipeducationID5; TopMembershipeducationID6; TopMembershipeducationID7; TopMembershipeducationID8; TopMembershipeducationID9; TopMembershipeducationID10 ]

TopMembershipsportsID1=[0.0000,0.0000,0.0000,113.5594,0.0000,583.9475,0.0000,74.9493,0.0000,0.0000,160.1763,5.7327,0.0000,32.4469,0.0000,0.0000,114.4659,1087.6108,24.9574,225.1046];	TopMembershipsportsID2=[14.4370,0.0000,0.0000,0.0000,0.0000,198.1656,0.0000,0.0000,0.0000,6.0562,0.0000,27.2704,0.0000,17.2157,28.3744,0.0000,26.9355,387.2037,0.0000,61.5080];	TopMembershipsportsID3=[0.0000,0.0000,20.4793,0.0000,0.0000,118.5713,0.0000,32.4989,0.0000,0.0000,0.0000,0.0000,15.6228,0.1506,16.9184,5.6032,0.0000,242.6995,14.2046,42.6320];	TopMembershipsportsID4=[270.6138,231.6051,0.0000,12.8167,269.7042,786.1508,13.1156,0.0000,109.1994,0.0000,0.0000,113.9793,0.0000,274.5755,112.0903,0.0000,0.0000,1248.6638,100.1259,380.4672];	TopMembershipsportsID5=[17.9523,12.7578,0.0000,0.0000,16.0661,91.8299,3.5888,0.0000,0.0000,0.0000,0.0000,8.5578,0.0000,17.6117,12.6257,0.0000,0.7536,167.2763,0.3521,34.7081];	TopMembershipsportsID6=[16.9974,5.1952,0.0000,0.9267,6.9415,74.9682,0.0000,0.0000,0.0000,5.3897,0.0000,3.9048,0.0000,16.5034,3.6944,0.5120,2.4320,130.6328,2.0566,29.7049];	TopMembershipsportsID7=[11.2670,15.3046,0.0000,0.0000,13.3442,81.5912,15.3335,0.0000,0.8620,0.0000,0.0000,0.0000,0.0000,15.3690,26.9909,0.0000,17.2504,151.8105,7.1834,30.2388];	TopMembershipsportsID8=[48.7520,40.0682,0.0000,0.0000,29.7068,246.0586,84.5604,0.0000,11.6794,0.0000,0.0000,10.8259,0.0000,53.6422,111.5883,0.0000,11.8314,442.8650,29.9262,99.9941];	TopMembershipsportsID9=[0.0000,0.0000,0.0000,48.6362,0.0000,242.6975,0.0000,111.8563,0.0000,0.0000,109.3278,0.0000,0.0000,0.0000,42.4475,0.0000,44.2495,455.1503,29.0991,108.1020];	TopMembershipsportsID10=[24.0427,10.1163,0.0000,5.8190,15.4809,92.9439,0.0000,0.0000,0.0000,4.1642,0.0000,15.4216,0.0859,20.9770,0.0000,22.0613,0.0000,165.6655,3.3231,37.7404];
it300_sports = [TopMembershipsportsID1; TopMembershipsportsID2; TopMembershipsportsID3; TopMembershipsportsID4; TopMembershipsportsID5; TopMembershipsportsID6; TopMembershipsportsID7; TopMembershipsportsID8; TopMembershipsportsID9; TopMembershipsportsID10 ]

