TopMembershipcrimeID1=[0.0000,8.3857,0.0000,0.0000,7.6165,0.0000,68.8325,5.0031,0.0000,0.0000,0.0000,0.0000,2.7216,0.0000,9.4060,0.0000,8.7010,5.0851,5.0173,0.0000];	TopMembershipcrimeID2=[0.0000,0.0000,20.5854,0.0000,7.0143,0.0000,93.5791,0.0000,0.0000,0.0000,0.0000,2.5949,8.6634,0.0000,32.2982,8.3628,11.9844,17.2035,0.0000,0.0000];	TopMembershipcrimeID3=[0.0000,80.3088,4.9287,0.0000,86.5083,0.0000,157.2597,0.0000,0.0000,0.0000,0.0000,18.6686,0.0000,0.0000,98.9541,16.7848,7.3944,0.0000,0.0000,0.0000];	TopMembershipcrimeID4=[0.0000,0.0000,10.1964,0.0000,3.0728,0.0000,41.7462,0.0000,0.0000,0.0000,0.0000,0.0000,5.7581,0.0000,15.4517,7.8795,4.3364,12.1660,0.0000,0.0000];	TopMembershipcrimeID5=[0.6045,11.2879,0.0000,0.0000,13.6478,0.0000,56.7649,0.0000,4.8339,0.0000,0.0000,7.4299,0.0000,0.4268,0.0000,0.0000,0.0000,0.0000,0.0000,0.0000];	TopMembershipcrimeID6=[0.0000,2.3910,0.6266,0.0000,4.3788,0.0000,15.6117,0.0000,0.0000,0.0000,0.0000,2.9531,0.0000,0.0000,0.0000,8.0843,0.0000,0.0000,0.0000,0.0000];	TopMembershipcrimeID7=[0.0000,1.1233,7.3799,0.0000,5.2587,0.0000,55.4580,3.4953,0.0000,0.0000,0.0000,0.0000,14.6630,0.0000,27.0965,0.0000,10.9059,0.0000,0.0000,0.0000];	TopMembershipcrimeID8=[0.0000,1.3929,3.6888,0.0000,3.3074,0.0000,21.5719,0.7419,0.0000,0.0000,0.0000,0.0000,5.4666,0.0000,6.9296,2.1320,1.0392,4.7404,0.0000,0.0000];	TopMembershipcrimeID9=[0.0000,5.9791,0.0000,0.0000,0.0000,5.0920,25.4376,0.0000,2.6231,0.0000,0.0000,2.7674,0.0000,0.0000,0.0000,0.0000,16.0364,0.0000,0.0000,0.0000];	TopMembershipcrimeID10=[0.0000,0.0000,6.9581,0.0000,0.0150,0.0000,23.3028,0.0000,0.0000,0.0000,0.0000,0.0000,1.0591,0.0000,9.3260,3.1753,1.1896,4.3652,0.0000,0.0000];
it700_crime = [TopMembershipcrimeID1; TopMembershipcrimeID2; TopMembershipcrimeID3; TopMembershipcrimeID4; TopMembershipcrimeID5; TopMembershipcrimeID6; TopMembershipcrimeID7; TopMembershipcrimeID8; TopMembershipcrimeID9; TopMembershipcrimeID10 ]

TopMembershipeconomyID1=[29.8773,172.8681,70.5279,67.8472,179.8316,97.9866,2.3255,0.0000,64.2265,0.0000,71.7183,453.8383,0.0000,106.7931,385.5961,0.0000,21.1570,0.0000,19.3100,135.7206];	TopMembershipeconomyID2=[0.0000,26.9513,5.8795,0.0000,18.0966,0.1284,0.6040,11.6751,15.1105,0.0000,0.0000,103.0409,33.5228,1.3286,0.0000,48.0513,0.0000,60.0497,14.3995,4.6364];	TopMembershipeconomyID3=[9.6689,5.8393,8.6550,0.0000,10.2279,0.0000,0.0000,0.0000,0.3329,2.8535,0.0000,16.0632,6.8755,3.6197,17.3337,17.4849,0.0000,0.0000,0.0000,0.0000];	TopMembershipeconomyID4=[23.4673,33.0399,12.8973,0.0000,47.6121,0.0000,15.7951,5.5668,6.1770,0.0000,0.0000,0.0000,38.7758,0.7606,0.0000,74.5630,0.0000,0.0000,9.8145,0.0000];	TopMembershipeconomyID5=[25.1237,19.5407,4.9098,0.0000,32.2786,0.0000,24.7570,12.5211,0.0000,4.7018,0.0000,35.9771,33.9403,4.7832,35.9726,19.6909,0.0000,0.0000,10.7607,0.0000];	TopMembershipeconomyID6=[15.0624,15.5455,0.0000,0.0000,20.6134,0.0000,17.3077,20.8644,3.7338,2.3059,0.0000,0.0000,33.9737,5.0784,10.0545,12.8394,0.0000,0.0000,15.9632,0.0000];	TopMembershipeconomyID7=[4.6141,9.4492,19.8214,0.0000,12.0527,0.0000,1.7901,17.0429,0.9046,0.0000,0.0000,0.0000,31.5661,0.0000,0.0000,30.7287,0.0000,0.0000,9.9990,0.0000];	TopMembershipeconomyID8=[0.0000,0.0000,42.7305,4.6274,0.1230,0.0000,0.0000,0.0000,0.0000,0.0000,16.4159,0.0000,9.0979,0.0000,16.4394,0.0000,0.0000,0.9570,0.0000,0.0000];	TopMembershipeconomyID9=[0.0000,0.0000,36.8621,0.0000,0.0000,0.0000,0.0000,0.0000,0.0000,0.0000,0.0000,0.0000,3.7979,0.0000,48.8602,12.9818,0.7155,0.0000,0.0000,8.4874];	TopMembershipeconomyID10=[0.0000,0.0000,108.4818,0.0000,0.0000,0.0000,0.0000,0.0000,0.0000,0.0000,42.8729,0.0000,0.0000,0.0000,45.6003,38.6768,0.0000,43.7323,0.0000,0.0000];
it700_economy = [TopMembershipeconomyID1; TopMembershipeconomyID2; TopMembershipeconomyID3; TopMembershipeconomyID4; TopMembershipeconomyID5; TopMembershipeconomyID6; TopMembershipeconomyID7; TopMembershipeconomyID8; TopMembershipeconomyID9; TopMembershipeconomyID10 ]

TopMembershipeducationID1=[0.0000,0.0000,0.0000,0.0000,20.0425,18.2259,0.0000,0.0000,0.0000,0.0000,47.0497,46.6321,0.0000,0.0000,447.0925,0.0000,32.8857,65.7825,0.0000,0.0000];	TopMembershipeducationID2=[19.1343,5.3469,0.0000,0.0000,17.3545,0.0000,0.0000,0.0000,0.0000,4.6863,0.0000,1.4839,0.0000,5.0756,68.7874,10.8327,4.5049,0.0000,0.0000,0.0000];	TopMembershipeducationID3=[10.3731,10.9941,1.8040,0.0000,10.2925,24.2642,0.0000,4.4472,5.7232,0.0000,0.0000,5.3344,0.0146,19.0965,68.0882,0.0000,1.6293,0.0000,11.4036,18.8336];	TopMembershipeducationID4=[2.0483,0.0000,4.8671,0.0000,0.0000,0.0000,0.0000,0.0000,0.0000,0.0000,0.0000,0.0000,0.0000,0.0000,61.5618,1.4875,0.0000,16.0271,0.0000,0.0000];	TopMembershipeducationID5=[3.5899,2.0983,0.7549,0.0000,5.4566,2.5571,0.0133,0.0000,0.0000,0.0000,0.0000,0.0000,0.0000,3.2757,34.3315,0.0000,0.0000,3.4508,0.0000,1.0939];	TopMembershipeducationID6=[0.0000,0.0000,7.9379,0.0000,0.0000,0.0000,0.0000,0.6546,0.0000,0.0000,2.2011,0.0000,0.9363,0.0000,33.7643,3.5778,0.6676,0.0000,0.0000,0.0000];	TopMembershipeducationID7=[0.0000,2.0031,1.1023,0.0000,1.9994,1.0600,1.2871,0.0000,0.0000,0.0000,0.0000,1.7186,0.0000,0.0765,11.6461,2.1650,0.3511,0.0000,0.5406,0.5675];	TopMembershipeducationID8=[0.0000,0.0000,0.5159,0.1103,0.0000,0.3572,0.0000,0.0000,0.0000,0.0000,1.1896,0.0000,0.0000,0.0000,8.7365,0.0000,1.0945,0.6488,0.0000,0.0000];	TopMembershipeducationID9=[12.5171,0.0000,3.5200,0.0000,2.7898,5.9155,0.0000,0.0000,0.0000,9.5610,0.0000,0.0000,0.0000,7.4866,47.4621,2.8872,0.0000,7.3195,0.0000,4.2114];	TopMembershipeducationID10=[2.2944,2.1318,0.6553,0.0000,3.0872,2.8450,0.0000,0.0000,0.1788,0.0000,0.0000,1.4742,0.0000,2.8259,15.3487,2.5601,0.2147,0.0000,0.0000,2.1855];
it700_education = [TopMembershipeducationID1; TopMembershipeducationID2; TopMembershipeducationID3; TopMembershipeducationID4; TopMembershipeducationID5; TopMembershipeducationID6; TopMembershipeducationID7; TopMembershipeducationID8; TopMembershipeducationID9; TopMembershipeducationID10 ]

TopMembershipsportsID1=[0.0000,0.0000,0.0000,85.9327,0.0000,32.0192,0.0000,26.2961,0.0000,0.0000,156.5822,4.6141,0.0000,0.0000,114.8303,0.0000,114.4300,1088.2679,0.0000,27.4302];	TopMembershipsportsID2=[0.0000,0.0000,0.0000,0.0000,0.0000,0.0000,0.0000,0.0000,0.0000,12.6100,0.0000,26.9417,0.0000,0.0000,6.3829,0.0000,26.9454,387.2376,0.0000,0.0000];	TopMembershipsportsID3=[0.0000,0.0000,23.1288,0.0000,0.0000,0.0000,0.0000,18.5477,0.0000,0.0000,0.0000,0.0000,16.3433,0.0000,39.2653,4.0049,0.0000,243.0845,0.0000,0.0000];	TopMembershipsportsID4=[173.7110,216.0706,0.0000,24.4510,234.1572,119.3864,0.0000,0.0000,193.6855,4.5504,0.0000,113.1631,0.0000,174.8033,0.0000,0.0000,0.0000,1247.4422,55.7045,146.2915];	TopMembershipsportsID5=[7.1099,9.6071,0.0000,0.0000,12.9645,2.6525,1.9248,0.0000,4.1183,0.0000,0.0000,8.3887,0.0000,6.8416,20.3163,0.0000,0.7436,167.2095,0.0000,4.1710];	TopMembershipsportsID6=[6.6088,2.2712,0.0000,0.0000,2.8842,4.1816,0.0000,0.0000,5.1103,6.3519,0.0000,3.7933,0.0000,5.9928,0.0000,0.0028,2.4368,130.5342,0.0000,5.2032];	TopMembershipsportsID7=[1.4739,10.4551,0.0000,0.0000,10.0947,5.0800,14.3681,0.0000,8.2583,0.0000,0.0000,0.0000,0.0000,5.8965,0.0000,0.0000,17.2588,151.8732,0.0000,0.8316];	TopMembershipsportsID8=[25.3172,19.7695,0.0000,0.0000,20.4192,33.2792,82.4978,0.0000,23.7585,2.7392,0.0000,10.4238,0.0000,32.4499,31.2831,0.0000,11.8152,442.8711,0.0000,15.4322];	TopMembershipsportsID9=[0.0000,0.0000,0.0000,48.1735,0.0000,54.7753,0.0000,76.4105,0.0000,0.0000,108.9993,0.0000,0.0000,0.0000,140.6729,0.0000,44.1629,455.5928,0.0000,29.3591];	TopMembershipsportsID10=[8.7299,7.0037,0.5744,0.0000,9.2393,0.0000,0.0000,0.0000,6.3783,4.9149,0.0000,15.3008,0.3400,5.3795,0.0000,21.5585,0.0000,165.6635,0.0000,6.9159];
it700_sports = [TopMembershipsportsID1; TopMembershipsportsID2; TopMembershipsportsID3; TopMembershipsportsID4; TopMembershipsportsID5; TopMembershipsportsID6; TopMembershipsportsID7; TopMembershipsportsID8; TopMembershipsportsID9; TopMembershipsportsID10 ]

