TopMembershipcrimeID1=[0.0000,8.1221,0.0000,0.0000,7.2566,0.0000,68.3110,3.8378,0.0000,0.0000,0.0000,0.0000,2.7526,0.0000,9.1455,0.0000,8.7020,5.0401,3.5590,0.0000];	TopMembershipcrimeID2=[0.0000,0.0000,19.7930,0.0000,5.9136,0.0000,92.9293,0.0000,0.0000,0.0000,0.0000,2.5389,8.7533,0.0000,31.3093,8.5392,11.9848,17.1018,0.0000,0.0000];	TopMembershipcrimeID3=[0.0000,79.1841,4.4329,0.0000,87.1288,0.0000,157.3162,0.0000,0.0000,0.0000,0.0000,18.5752,0.0000,0.0000,103.7554,16.7995,7.3912,0.0000,0.0000,0.0000];	TopMembershipcrimeID4=[0.0000,0.0000,9.7475,0.0000,2.5960,0.0000,41.2894,0.0000,0.0000,0.0000,0.0000,0.0000,5.8092,0.0000,14.2698,7.9694,4.3366,12.1123,0.0000,0.0000];	TopMembershipcrimeID5=[0.8536,11.7178,0.0000,0.0000,13.6841,0.0000,56.4994,0.0000,5.1024,0.0000,0.0000,7.4044,0.0000,0.4800,0.0000,0.0000,0.0000,0.0000,0.0000,0.0000];	TopMembershipcrimeID6=[0.0000,2.5587,0.3651,0.0000,4.5358,0.0000,15.3974,0.0000,0.0000,0.0000,0.0000,2.9435,0.0000,0.0000,0.0000,8.1132,0.0000,0.0000,0.0000,0.0000];	TopMembershipcrimeID7=[0.0000,0.4760,6.8840,0.0000,4.2653,0.0000,55.1442,2.1741,0.0000,0.0000,0.0000,0.0000,14.7041,0.0000,27.5036,0.0000,10.9059,0.0000,0.0000,0.0000];	TopMembershipcrimeID8=[0.0000,1.2007,3.4934,0.0000,2.9895,0.0000,21.4239,0.2694,0.0000,0.0000,0.0000,0.0000,5.4803,0.0000,6.7440,2.1711,1.0393,4.7177,0.0000,0.0000];	TopMembershipcrimeID9=[0.0000,6.5366,0.0000,0.0000,0.6535,5.4966,25.2713,0.0000,3.0282,0.0000,0.0000,2.7592,0.0000,0.0000,0.0000,0.0000,16.0372,0.0000,0.0000,0.0000];	TopMembershipcrimeID10=[0.0000,0.0000,6.7199,0.0000,0.0000,0.0000,23.0848,0.0000,0.0000,0.0000,0.0000,0.0000,1.0953,0.0000,8.6514,3.2294,1.1897,4.3335,0.0000,0.0000];	
it1000_crime = [TopMembershipcrimeID1; TopMembershipcrimeID2; TopMembershipcrimeID3; TopMembershipcrimeID4; TopMembershipcrimeID5; TopMembershipcrimeID6; TopMembershipcrimeID7; TopMembershipcrimeID8; TopMembershipcrimeID9; TopMembershipcrimeID10 ]

TopMembershipeconomyID1=[27.9507,170.9094,78.9504,64.1190,180.8305,68.7576,1.6995,0.0000,56.3158,0.0000,70.6879,453.9882,0.0000,103.1538,424.0936,0.0000,21.1413,0.0000,18.6590,152.7714];	TopMembershipeconomyID2=[0.0000,25.4797,5.5204,0.0000,18.2358,0.0000,0.2188,11.5152,15.1536,0.0000,0.0000,103.0696,33.3339,1.4354,0.0000,48.0107,0.0000,60.0628,13.3092,5.6034];	TopMembershipeconomyID3=[9.4389,5.6590,8.7707,0.0000,10.3206,0.0000,0.0000,0.0000,0.0000,2.8459,0.0000,16.0699,6.8054,3.4571,18.4003,17.4404,0.0000,0.0000,0.0000,0.0000];	TopMembershipeconomyID4=[23.2411,32.4742,12.4944,0.0000,47.6237,0.0000,14.8757,5.7898,6.2350,0.0000,0.0000,0.0000,38.5710,0.7227,0.0000,74.4818,0.0000,0.0000,9.2216,0.0000];	TopMembershipeconomyID5=[24.3238,18.8997,4.9544,0.0000,31.3554,0.0000,23.9964,12.7661,0.0000,4.6999,0.0000,35.9694,33.7983,4.2040,38.2967,19.6369,0.0000,0.0000,10.4603,0.0000];	TopMembershipeconomyID6=[14.5553,14.8402,0.0000,0.0000,19.7555,0.0000,16.8151,20.9573,3.2584,2.4096,0.0000,0.0000,33.8655,4.7531,11.0317,12.8025,0.0000,0.0000,15.6934,0.0000];	TopMembershipeconomyID7=[4.3795,8.8196,19.9538,0.0000,11.7385,0.0000,1.4500,17.0306,0.8168,0.0000,0.0000,0.0000,31.4907,0.0000,0.0000,30.6813,0.0000,0.0000,9.6731,0.0000];	TopMembershipeconomyID8=[0.0000,0.0000,44.1676,4.4698,0.2879,0.0000,0.0000,0.0000,0.0000,0.0000,16.4038,0.0000,9.0977,0.0000,15.9722,0.0000,0.0000,0.9561,0.0000,0.7722];	TopMembershipeconomyID9=[0.0000,0.0000,37.7842,0.0000,0.0000,0.0000,0.0000,0.0000,0.0000,0.0000,0.0000,0.0000,3.7718,0.0000,51.5062,12.8783,0.7139,0.0000,0.0000,10.5340];	TopMembershipeconomyID10=[0.0000,0.0000,107.8402,0.0000,0.0000,0.0000,0.0000,0.0000,0.0000,0.0000,42.3817,0.0000,0.0000,0.0000,29.9816,39.0655,0.0000,43.7123,0.0000,0.0000];
it1000_economy = [TopMembershipeconomyID1; TopMembershipeconomyID2; TopMembershipeconomyID3; TopMembershipeconomyID4; TopMembershipeconomyID5; TopMembershipeconomyID6; TopMembershipeconomyID7; TopMembershipeconomyID8; TopMembershipeconomyID9; TopMembershipeconomyID10 ]

TopMembershipeducationID1=[0.0000,0.1970,0.0000,0.0000,23.7965,0.0000,0.0000,0.0000,0.0000,0.0000,44.4412,46.6115,0.0000,0.0000,475.0766,0.0000,32.8785,65.7575,0.0000,1.6386];	TopMembershipeducationID2=[18.5198,5.4823,0.0000,0.0000,17.4753,0.0000,0.0000,0.0000,0.0000,4.3339,0.0000,1.4725,0.0000,4.4482,73.0667,10.8330,4.5037,0.0000,0.0000,0.0000];	TopMembershipeducationID3=[9.8847,10.8860,2.0410,0.0000,10.3637,20.5176,0.0000,4.4735,4.3948,0.0000,0.0000,5.3341,0.0000,18.3782,74.5714,0.0000,1.6282,0.0000,11.2828,20.5775];	TopMembershipeducationID4=[1.5274,0.0000,4.8714,0.0000,0.0000,0.0000,0.0000,0.0000,0.0000,0.0000,0.0000,0.0000,0.0000,0.0000,65.0161,1.4942,0.0000,16.0272,0.0000,0.6219];	TopMembershipeducationID5=[3.4118,2.2617,0.8255,0.0000,5.6997,0.5500,0.1017,0.0000,0.0000,0.0000,0.0000,0.0000,0.0000,2.9949,36.7091,0.0000,0.0000,3.4447,0.0000,2.0953];	TopMembershipeducationID6=[0.0000,0.0000,7.8649,0.0000,0.0000,0.0000,0.0000,0.6171,0.0000,0.0000,2.0148,0.0000,0.9774,0.0000,34.9918,3.6064,0.6673,0.0000,0.0000,0.0000];	TopMembershipeducationID7=[0.0000,2.0148,1.1029,0.0000,2.1360,0.4619,1.2766,0.0000,0.0000,0.0000,0.0000,1.7171,0.0000,0.0000,12.3145,2.1610,0.3509,0.0000,0.5183,0.8555];	TopMembershipeducationID8=[0.0000,0.0000,0.5000,0.0000,0.0000,0.0183,0.0000,0.0000,0.0000,0.0000,1.1394,0.0000,0.0000,0.0000,9.1487,0.0000,1.0944,0.6480,0.0000,0.0000];	TopMembershipeducationID9=[12.0371,0.0000,3.5594,0.0000,2.7577,3.4809,0.0000,0.0000,0.0000,9.3597,0.0000,0.0000,0.0000,7.0139,50.9413,2.8808,0.0000,7.3247,0.0000,5.4992];	TopMembershipeducationID10=[2.2262,2.1861,0.6807,0.0000,3.2222,1.9689,0.0000,0.0000,0.0000,0.0000,0.0000,1.4742,0.0000,2.7083,16.4961,2.5496,0.2144,0.0000,0.0000,2.6262];
it1000_education = [TopMembershipeducationID1; TopMembershipeducationID2; TopMembershipeducationID3; TopMembershipeducationID4; TopMembershipeducationID5; TopMembershipeducationID6; TopMembershipeducationID7; TopMembershipeducationID8; TopMembershipeducationID9; TopMembershipeducationID10 ]

TopMembershipsportsID1=[0.0000,0.0000,0.0000,84.1565,0.0000,31.5209,0.0000,25.7359,0.0000,0.0000,155.6172,4.7204,0.0000,0.0000,118.3115,0.0000,114.4248,1088.5656,0.0000,26.5189];	TopMembershipsportsID2=[0.0000,0.0000,0.0000,0.0000,0.0000,0.0000,0.0000,0.0000,0.0000,13.0531,0.0000,26.9456,0.0000,0.0000,5.2972,0.0000,26.9435,387.2715,0.0000,0.0000];	TopMembershipsportsID3=[0.0000,0.0000,22.9420,0.0000,0.0000,0.0000,0.0000,18.1918,0.0000,0.0000,0.0000,0.0000,16.4408,0.0000,39.7599,4.1005,0.0000,243.1153,0.0000,0.0000];	TopMembershipsportsID4=[174.0097,214.4639,0.0000,35.2250,233.7650,106.7839,0.0000,0.0000,192.7164,1.1772,0.0000,113.2319,0.0000,174.8844,0.0000,0.0000,0.0000,1247.6578,51.3944,154.4797];	TopMembershipsportsID5=[6.7640,9.1646,0.0000,0.0000,12.7580,0.0348,2.3196,0.0000,3.4905,0.0000,0.0000,8.3913,0.0000,6.5018,22.4131,0.0000,0.7414,167.2198,0.0000,5.6597];	TopMembershipsportsID6=[6.4752,2.0142,0.0000,0.0000,2.8231,3.2857,0.0000,0.0000,4.9305,6.3658,0.0000,3.7998,0.0000,5.9247,0.0000,0.0063,2.4356,130.5517,0.0000,5.7326];	TopMembershipsportsID7=[1.5137,10.2712,0.0000,0.0000,10.2074,4.0108,14.5397,0.0000,8.1575,0.0000,0.0000,0.0000,0.0000,5.8478,0.0000,0.0000,17.2579,151.8855,0.0000,1.1245];	TopMembershipsportsID8=[24.4952,18.9343,0.0000,0.0000,19.6546,28.1402,83.2342,0.0000,22.1929,2.0586,0.0000,10.3988,0.0000,31.4665,37.6764,0.0000,11.8124,442.9040,0.0000,17.1328];	TopMembershipsportsID9=[0.0000,0.0000,0.0000,40.4305,0.0000,59.4537,0.0000,75.1420,0.0000,0.0000,107.5959,0.0000,0.0000,0.0000,144.6500,0.0000,44.1654,455.8227,0.0000,24.4765];	TopMembershipsportsID10=[8.6567,6.6700,0.6668,0.0000,9.2949,0.0000,0.0000,0.0000,6.3280,4.9946,0.0000,15.3178,0.2747,5.4279,0.0000,21.4974,0.0000,165.6912,0.0000,7.9330];
it1000_sports = [TopMembershipsportsID1; TopMembershipsportsID2; TopMembershipsportsID3; TopMembershipsportsID4; TopMembershipsportsID5; TopMembershipsportsID6; TopMembershipsportsID7; TopMembershipsportsID8; TopMembershipsportsID9; TopMembershipsportsID10 ]

