TopMembershipcrimeID1=[0.0000,0.0000,0.0000,0.0000,0.0000,0.0000,67.4622,0.5905,0.0000,0.0000,0.0000,0.0000,1.3136,0.0000,7.9603,0.0000,8.6936,4.8736,23.8618,0.0000];	TopMembershipcrimeID2=[0.0000,0.0000,17.5283,0.0000,0.0000,0.0000,87.4488,0.0000,0.0000,0.0000,0.0000,2.6237,3.7584,0.0000,28.1262,8.6750,11.9830,17.1645,0.0000,0.0000];	TopMembershipcrimeID3=[0.0000,10.3974,1.0346,0.0000,13.0734,0.0000,153.4962,0.0000,0.0000,0.0000,0.0000,18.7782,0.0000,0.0000,109.3688,18.1326,7.3880,0.0000,19.7296,0.0000];	TopMembershipcrimeID4=[0.0000,0.0000,9.1047,0.0000,0.0000,0.0000,38.3462,0.0000,0.0000,0.0000,0.0000,0.0000,2.8122,0.0000,11.5158,8.0476,4.3351,12.1542,0.0000,0.0000];	TopMembershipcrimeID5=[0.0000,0.6581,0.0000,0.0000,0.1725,0.0000,56.8278,7.8516,0.4460,0.0000,0.0000,7.3929,0.0000,0.0000,0.0000,0.0000,0.0000,0.0000,37.3719,0.0000];	TopMembershipcrimeID6=[0.0000,0.0000,0.9491,0.0000,0.0000,0.0000,15.3756,1.2253,0.0000,0.0000,0.0000,2.9477,0.0000,0.0000,0.0000,8.2481,0.0000,0.0000,1.3769,0.0000];	TopMembershipcrimeID7=[0.0000,0.0000,5.7075,0.0000,0.0000,0.0000,52.3558,0.0000,0.0000,0.0000,0.0000,0.0000,12.1596,0.0000,26.9314,0.0000,10.9056,0.0000,8.1817,0.0000];	TopMembershipcrimeID8=[0.0000,0.0000,3.1137,0.0000,0.0000,0.0000,20.3260,0.0000,0.0000,0.0000,0.0000,0.0000,4.3113,0.0000,6.1278,2.2177,1.0386,4.7271,0.0000,0.0000];	TopMembershipcrimeID9=[0.0000,0.0000,0.0000,0.0000,0.0000,4.2660,26.2538,0.0000,0.0000,0.0000,0.0000,2.7507,0.0000,0.0000,0.0000,0.0000,16.0342,0.0000,0.0000,3.2644];	TopMembershipcrimeID10=[0.0000,0.0000,6.3111,0.0000,0.0000,0.0000,21.7492,0.0000,0.0000,0.0000,0.0000,0.0000,0.0000,0.0000,7.0108,3.1981,1.1888,4.3291,4.0771,0.0000];
it6000_crime = [TopMembershipcrimeID1; TopMembershipcrimeID2; TopMembershipcrimeID3; TopMembershipcrimeID4; TopMembershipcrimeID5; TopMembershipcrimeID6; TopMembershipcrimeID7; TopMembershipcrimeID8; TopMembershipcrimeID9; TopMembershipcrimeID10 ]

TopMembershipeconomyID1=[142.1441,187.3658,80.1181,193.8775,206.7706,604.4467,50.4934,2980.8255,175.3669,0.0000,125.9669,454.0077,0.0000,242.2396,420.8372,0.0000,21.2315,0.0000,42.5838,130.0507];	TopMembershipeconomyID2=[0.0000,7.4366,14.5037,0.0000,4.0520,123.0688,12.3514,669.8349,9.4704,0.0000,0.0000,102.9680,29.4194,28.5197,0.0000,47.4429,0.0000,59.1946,123.7289,9.2188];	TopMembershipeconomyID3=[10.9581,2.3216,11.4234,0.0000,2.3910,46.1638,0.0000,278.2394,1.5507,11.1731,0.0000,16.0587,5.0397,12.9261,15.2226,17.1497,0.0000,0.0000,8.5587,0.0000];	TopMembershipeconomyID4=[16.9494,6.3593,18.5128,0.0000,6.5284,42.6218,20.2980,365.1267,0.0000,8.5255,0.0000,0.0000,30.3910,8.4961,0.0000,75.1660,0.0000,0.0000,12.4362,0.0000];	TopMembershipeconomyID5=[30.0250,16.6835,7.6682,8.3969,21.5959,46.7600,27.9203,353.8721,4.3554,6.0114,0.0000,35.9930,28.9298,18.4799,35.0169,19.5962,0.0000,0.0000,0.0000,0.0000];	TopMembershipeconomyID6=[21.9584,14.7433,1.7940,7.7735,17.7335,38.8748,19.6945,255.3996,6.7908,1.0697,0.0000,0.0000,31.0179,16.6889,7.7930,12.8063,0.0000,0.0000,0.0000,0.0000];	TopMembershipeconomyID7=[5.2187,2.0606,21.1059,0.0000,2.2928,18.2930,3.3654,152.2797,0.0000,1.5389,0.0000,0.0000,28.6440,3.1137,0.0000,30.7192,0.0000,0.0000,0.0000,0.0000];	TopMembershipeconomyID8=[8.6733,3.0145,40.3012,12.2019,8.0585,16.6577,0.0000,177.8461,0.0000,0.0000,16.4654,0.0000,6.5288,2.9071,11.1729,0.0000,0.0000,0.8425,11.5754,0.0000];	TopMembershipeconomyID9=[0.0000,0.0000,36.5436,0.0000,0.0000,26.2244,0.0000,164.7683,0.0000,0.0000,0.0000,0.0000,2.8436,3.3918,52.1759,12.2251,0.7263,0.0000,3.9122,6.6720];	TopMembershipeconomyID10=[0.0000,0.0000,113.4064,0.0000,0.0000,0.0000,0.0000,292.4270,0.0000,13.0999,0.0000,0.0000,0.0000,0.0000,0.0000,34.9286,0.0000,43.1774,52.9671,0.0000];
it6000_economy = [TopMembershipeconomyID1; TopMembershipeconomyID2; TopMembershipeconomyID3; TopMembershipeconomyID4; TopMembershipeconomyID5; TopMembershipeconomyID6; TopMembershipeconomyID7; TopMembershipeconomyID8; TopMembershipeconomyID9; TopMembershipeconomyID10 ]

TopMembershipeducationID1=[0.0000,0.0000,0.0000,19.1504,0.0000,0.6483,0.0000,109.1769,0.0000,0.0000,42.3746,46.7658,0.0000,0.0000,509.9071,0.0000,32.9288,65.0812,127.5766,0.0000];	TopMembershipeducationID2=[7.3722,0.4826,0.0000,0.0000,1.6471,0.0000,0.0000,4.3314,0.0000,8.4618,0.0000,1.5096,0.0000,0.0000,79.7638,11.0511,4.5096,0.0000,9.7899,0.0000];	TopMembershipeducationID3=[1.5021,6.7298,1.1968,0.0000,3.4956,16.9564,0.4414,5.2277,10.9622,0.0000,0.0000,5.3550,0.5089,10.3877,84.8446,0.0000,1.6387,0.0000,4.9327,16.7592];	TopMembershipeducationID4=[0.0000,0.0000,5.2528,0.0000,0.0000,0.0000,0.0000,5.6252,0.0000,1.5444,0.0000,0.0000,0.0000,0.0000,69.7041,1.2692,0.0000,15.9416,27.1141,0.0000];	TopMembershipeducationID5=[0.0000,0.1506,0.7259,0.3295,0.1001,0.9185,0.4119,3.0852,0.7327,0.0000,0.0511,0.0000,0.0000,0.1453,40.0601,0.0000,0.0000,3.3907,13.4137,1.0222];	TopMembershipeducationID6=[0.0000,0.0000,7.8938,0.0000,0.0000,0.0000,0.0000,5.1401,0.0000,0.0000,0.5362,0.0000,1.1982,0.0000,36.1535,3.4213,0.6717,0.0000,4.7439,0.0000];	TopMembershipeducationID7=[0.0000,0.4696,1.1489,0.0000,0.4943,0.0000,1.4338,0.2599,0.1061,0.0000,0.0000,1.7250,0.0000,0.0000,13.2668,2.1858,0.3529,0.0000,0.0000,0.1070];	TopMembershipeducationID8=[0.0000,0.0000,0.5406,0.0000,0.0000,0.0000,0.0000,0.4053,0.0000,0.2294,0.8209,0.0000,0.0000,0.0000,9.6600,0.0000,1.0956,0.6412,0.6333,0.0000];	TopMembershipeducationID9=[5.1251,0.0000,3.6878,0.0000,0.0000,2.7492,0.0000,5.5244,0.2836,11.3521,0.0000,0.0000,0.0000,2.5877,56.2213,2.8131,0.0000,7.2834,9.8853,2.7806];	TopMembershipeducationID10=[0.1111,0.7785,0.7873,0.0000,0.3840,1.8230,0.0000,1.7416,1.1494,0.0406,0.0000,1.4803,0.0000,1.0093,18.3160,2.5860,0.2166,0.0000,0.0740,1.8349];
it6000_education = [TopMembershipeducationID1; TopMembershipeducationID2; TopMembershipeducationID3; TopMembershipeducationID4; TopMembershipeducationID5; TopMembershipeducationID6; TopMembershipeducationID7; TopMembershipeducationID8; TopMembershipeducationID9; TopMembershipeducationID10 ]

TopMembershipsportsID1=[0.0000,0.0000,0.0000,67.3192,0.0000,32.4691,0.0000,16.5650,5.0189,0.0000,137.9853,4.7117,1.3229,0.0000,113.0923,0.0000,114.4587,1089.4279,149.9226,25.1143];	TopMembershipsportsID2=[0.0000,0.0000,0.0000,0.0000,0.0000,1.7994,0.0000,0.0000,0.0000,39.3068,0.0000,26.9525,0.0000,0.0000,3.2163,0.0000,26.9469,387.5661,27.7868,0.0000];	TopMembershipsportsID3=[0.0000,0.0000,23.1487,0.0000,0.0000,0.0000,0.2165,0.0000,0.0000,0.0000,0.0000,0.0000,18.2103,0.0000,39.2447,3.2718,0.0000,243.3648,11.9368,0.0000];	TopMembershipsportsID4=[141.7622,152.0076,0.0000,72.6255,134.7371,162.3506,4.4077,0.0000,162.2387,0.0000,0.0000,113.2843,0.0000,161.4359,0.0000,1.4681,0.0000,1249.3722,53.6582,140.1904];	TopMembershipsportsID5=[5.3374,6.9329,0.0000,5.0923,7.3838,5.1198,2.5611,0.0000,6.5424,0.0000,0.0000,8.4286,0.0000,5.6445,25.3115,0.0000,0.7462,167.4621,1.4703,2.9110];	TopMembershipsportsID6=[3.3207,0.7752,0.0000,0.0000,0.0000,6.3901,0.0000,0.0000,3.6073,7.5917,0.0000,3.8069,0.0000,4.6333,0.9082,0.0652,2.4369,130.7149,5.5073,5.6416];	TopMembershipsportsID7=[0.0000,0.7844,0.0000,0.0000,0.0000,10.0702,15.9759,12.3535,4.0242,0.0000,0.0000,0.0000,0.0000,3.3948,0.0000,0.0000,17.2570,152.0210,1.9126,3.1445];	TopMembershipsportsID8=[0.0000,0.0000,0.0000,0.0000,0.0000,42.8606,87.5864,39.7541,13.2975,28.3495,0.0000,10.4500,0.0000,17.3447,46.3974,0.0000,11.8164,443.1730,56.6303,24.8933];	TopMembershipsportsID9=[0.0000,0.0000,0.0000,0.0000,0.0000,26.0540,3.2244,0.0000,0.0000,0.0000,73.2354,0.0000,0.0000,0.0000,140.4943,0.0000,44.2120,455.9285,61.6165,41.8193];	TopMembershipsportsID10=[8.8798,6.8085,2.4747,2.9342,7.1382,3.1234,0.0000,0.0000,5.5680,1.9389,0.0000,15.3347,0.0000,6.1390,0.0000,21.6869,0.0000,165.9694,0.0000,4.4197];
