TopMembershipcrimeID1=[0.0000,10.1538,0.0000,0.0000,4.1978,0.0000,66.5247,4.4253,0.0477,0.0000,0.0000,0.0000,3.1153,0.0000,56.1732,0.0000,8.7126,5.0833,7.2450,0.0000];	TopMembershipcrimeID2=[0.0000,0.0000,27.9697,0.0000,0.0000,0.0000,89.7782,0.0000,0.0000,0.0000,0.0000,2.4739,9.1322,0.0000,65.6732,6.8429,12.0092,17.2481,0.0000,0.0000];	TopMembershipcrimeID3=[0.0000,73.7300,19.3272,0.0000,64.4459,0.0000,157.7556,0.0000,6.8339,0.0000,0.0000,18.5478,0.0000,0.0000,100.7084,12.6630,7.4750,0.0000,0.0000,0.0000];	TopMembershipcrimeID4=[0.0000,0.0000,13.8554,0.0000,0.0000,0.0000,39.4172,0.0000,0.0000,0.0000,0.0000,0.0000,6.0131,0.0000,28.1963,6.9736,4.3455,12.2071,0.0000,0.0000];	TopMembershipcrimeID5=[0.0000,12.5108,0.0000,0.0000,12.5197,0.0000,54.8425,0.0000,8.8507,0.0000,0.0000,7.3292,0.0000,0.0000,51.3017,0.0000,0.0000,0.0000,1.4481,0.0000];	TopMembershipcrimeID6=[0.0000,2.7899,0.3878,0.0000,3.5735,0.0000,14.4930,0.0000,0.0000,0.0000,0.0000,2.9215,0.0000,0.0000,13.9384,7.7596,0.0000,0.0000,0.0000,0.0000];	TopMembershipcrimeID7=[0.0000,0.0000,11.5903,0.0000,0.0000,0.0000,54.1016,1.4670,0.0000,0.0000,0.0000,0.0000,14.9363,0.0000,37.8317,0.0000,10.9283,0.0000,0.0000,0.0000];	TopMembershipcrimeID8=[0.0000,0.7858,5.1938,0.0000,1.1511,0.0000,20.7511,0.0000,0.0000,0.0000,0.0000,0.0000,5.5846,0.0000,15.6143,1.7693,1.0443,4.7492,0.0000,0.0000];	TopMembershipcrimeID9=[0.0000,7.0275,0.0000,0.0000,0.5245,0.0000,24.7222,0.0000,4.3547,0.0000,0.0000,2.7173,0.0000,0.0000,23.0797,0.0000,16.0341,0.0000,0.0000,0.1778];	TopMembershipcrimeID10=[0.0000,0.0000,8.9255,0.0000,0.0000,0.0000,22.2831,0.0000,0.0000,0.0000,0.0000,0.0000,1.1959,0.0000,15.0694,2.7507,1.1952,4.3928,0.0000,0.0000];
it500_crime = [TopMembershipcrimeID1; TopMembershipcrimeID2; TopMembershipcrimeID3; TopMembershipcrimeID4; TopMembershipcrimeID5; TopMembershipcrimeID6; TopMembershipcrimeID7; TopMembershipcrimeID8; TopMembershipcrimeID9; TopMembershipcrimeID10 ]

TopMembershipeconomyID1=[4.5887,147.7154,129.6565,136.4937,148.0881,123.6991,45.1000,0.0000,90.0016,0.0000,79.3054,454.5631,0.0000,89.5713,0.0000,0.0000,21.4339,0.0000,0.0000,110.9149];	TopMembershipeconomyID2=[0.0000,34.1543,3.6961,0.0000,22.8360,9.4891,5.5685,20.6783,11.6401,0.0000,0.0000,102.9536,33.1411,8.2740,0.0000,47.3927,0.0000,60.0291,23.7621,5.8685];	TopMembershipeconomyID3=[10.0891,6.3111,10.2237,0.0000,10.0683,0.5685,0.0000,0.0000,0.8653,4.0801,0.0000,16.0841,6.7391,4.4080,0.0000,17.0734,0.0000,0.0000,0.0000,0.0000];	TopMembershipeconomyID4=[24.3985,32.5295,14.4803,0.0000,44.2115,0.0000,17.3966,5.2304,4.3751,0.0000,0.0000,0.0000,38.9649,2.3231,0.0000,72.4957,0.0000,0.0000,8.3652,0.0000];	TopMembershipeconomyID5=[20.4775,15.4029,10.9785,0.0000,25.3066,0.0000,26.7304,8.8819,2.1652,8.0956,0.0000,35.9868,33.9837,1.2258,4.2105,18.1855,0.0000,0.0000,4.2653,0.0000];	TopMembershipeconomyID6=[13.3365,13.0352,3.1494,0.0000,16.7986,0.0000,18.5213,18.7831,4.6850,3.6484,0.0000,0.0000,33.9426,3.9130,4.6066,11.8864,0.0000,0.0000,11.9286,0.0000];	TopMembershipeconomyID7=[5.7107,8.7372,21.2278,0.0000,10.5860,0.0000,2.4284,16.6460,0.0000,0.0000,0.0000,0.0000,31.5098,0.0000,0.0000,30.2858,0.0000,0.0000,8.4991,0.0000];	TopMembershipeconomyID8=[0.0000,0.0000,53.1702,12.9525,0.0000,0.0000,0.0000,0.0000,0.0000,1.6776,16.7858,0.0000,9.0185,0.0000,0.0000,0.0000,0.0000,0.9956,0.0000,0.0000];	TopMembershipeconomyID9=[0.0000,0.0000,40.9262,1.0919,0.0000,4.5213,0.0000,0.0000,0.0000,0.0000,0.0000,0.0000,3.5625,0.0000,0.0000,13.2574,0.7522,0.0000,0.0000,5.4219];	TopMembershipeconomyID10=[0.0000,0.0000,104.8118,0.0000,0.0000,0.0000,0.0000,0.0000,0.0000,0.0000,45.0849,0.0000,0.0000,0.0000,0.0000,41.3222,0.0000,44.4602,0.0000,0.0000];
it500_economy = [TopMembershipeconomyID1; TopMembershipeconomyID2; TopMembershipeconomyID3; TopMembershipeconomyID4; TopMembershipeconomyID5; TopMembershipeconomyID6; TopMembershipeconomyID7; TopMembershipeconomyID8; TopMembershipeconomyID9; TopMembershipeconomyID10 ]

TopMembershipeducationID1=[0.0000,5.8031,0.0000,26.1969,6.6899,0.0000,0.1227,0.0000,0.0000,0.0000,48.3155,47.4278,0.0000,0.0000,0.0000,0.0000,33.2318,66.7184,0.0000,0.0000];	TopMembershipeducationID2=[13.4901,6.5164,0.0000,0.0000,14.0042,0.0000,0.0000,0.0000,0.0000,8.7238,0.0000,1.5998,0.0000,0.0093,0.0000,10.1601,4.5594,0.0000,0.0000,0.0000];	TopMembershipeducationID3=[5.5794,13.6006,1.9110,0.0000,9.7642,17.6422,3.3825,5.1480,12.7634,0.0000,0.0000,5.4698,0.0102,14.2890,0.0000,0.0000,1.6913,0.0000,11.8729,16.5003];	TopMembershipeducationID4=[0.0000,0.0000,5.5414,0.0000,0.0000,0.0000,0.0000,0.0000,0.0000,0.5777,0.0000,0.0000,0.0000,0.0000,0.0000,1.4137,0.0000,16.1893,0.0000,0.0000];	TopMembershipeducationID5=[1.1479,2.6276,1.7254,1.4479,4.5104,0.0000,1.8092,0.0000,0.5859,0.0000,0.0000,0.0000,0.0000,0.9994,0.0000,0.0000,0.0000,3.5231,0.0000,0.1043];	TopMembershipeducationID6=[0.0000,0.0000,8.5368,0.0000,0.0000,0.0000,0.0000,0.2733,0.0000,0.0000,2.1484,0.0000,0.9371,0.0000,0.0000,3.5887,0.6943,0.0000,0.0000,0.0000];	TopMembershipeducationID7=[0.0000,2.3685,1.1652,0.0000,1.5587,0.0000,1.6841,0.0000,0.1967,0.0000,0.0000,1.7362,0.0000,0.0000,0.0000,2.1004,0.3603,0.0000,0.4909,0.4046];	TopMembershipeducationID8=[0.0000,0.0000,0.6179,0.6873,0.0000,0.0000,0.1076,0.0000,0.0000,0.0000,1.2154,0.0000,0.0000,0.0000,0.0000,0.0000,1.1008,0.6698,0.0000,0.0000];	TopMembershipeducationID9=[9.7874,0.0536,3.6222,2.7483,2.4622,3.2120,0.0000,0.0000,0.4643,12.1319,0.0000,0.0000,0.0000,4.9680,0.0000,2.9394,0.0000,7.4280,0.0000,2.3286];	TopMembershipeducationID10=[1.3659,2.5230,0.5657,0.1349,2.8665,1.7998,0.0000,0.0000,1.4136,0.0000,0.0000,1.5053,0.0000,1.9777,0.0000,2.5347,0.2270,0.0000,0.0000,1.7584];
it500_education = [TopMembershipeducationID1; TopMembershipeducationID2; TopMembershipeducationID3; TopMembershipeducationID4; TopMembershipeducationID5; TopMembershipeducationID6; TopMembershipeducationID7; TopMembershipeducationID8; TopMembershipeducationID9; TopMembershipeducationID10 ]

TopMembershipsportsID1=[0.0000,0.0000,0.0000,136.2185,0.0000,48.7949,0.0000,39.3543,0.0000,0.0000,162.8578,4.9440,0.0000,0.0000,0.0000,0.0000,114.4895,1087.4774,0.0000,22.5154];	TopMembershipsportsID2=[0.0000,0.0000,0.0000,0.0000,0.0000,2.0951,0.0000,0.0000,0.0000,11.3243,0.0000,26.9656,0.0000,0.0000,0.0000,0.0000,26.9395,386.9050,0.0000,0.0000];	TopMembershipsportsID3=[0.0000,0.0000,23.5500,0.0000,0.0000,0.0000,2.0689,20.6691,0.0000,0.0000,0.0000,0.0000,16.2437,0.0000,0.0000,4.4508,0.0000,243.0116,0.0000,0.0000];	TopMembershipsportsID4=[184.3825,204.7985,0.0000,55.6130,237.3941,160.8107,3.6647,0.0000,180.4845,10.5912,0.0000,113.1775,0.0000,189.9580,1.5410,0.0000,0.0000,1245.5430,57.2135,143.9909];	TopMembershipsportsID5=[6.5989,8.8268,0.0000,3.7548,12.3482,5.6306,4.5615,0.0000,5.6139,0.0000,0.0000,8.4187,0.0000,6.7296,0.0000,0.0000,0.7562,167.0781,0.0000,2.7011];	TopMembershipsportsID6=[8.1200,2.4903,0.0000,3.4915,4.2519,8.5319,0.0000,0.0000,4.3815,6.8322,0.0000,3.8137,0.0000,7.7717,0.0000,0.0000,2.4323,130.3987,0.0000,4.8084];	TopMembershipsportsID7=[1.8147,11.0297,0.0000,0.0000,10.8641,5.6828,15.0440,0.0000,9.1785,0.0000,0.0000,0.0000,0.0000,6.0865,10.7260,0.0000,17.2538,151.6884,0.0000,1.1986];	TopMembershipsportsID8=[22.9350,27.0081,0.0000,0.0000,25.2468,26.8631,87.8062,0.0000,35.4845,1.8247,0.0000,10.3709,0.0000,28.4088,52.8783,0.0000,11.8499,442.3332,2.7649,14.0679];	TopMembershipsportsID9=[0.0000,0.0000,0.0000,55.9481,0.0000,38.5703,6.2617,90.7935,0.0000,0.0000,108.8843,0.0000,0.0000,0.0000,0.0000,0.0000,44.2835,455.3546,0.7582,25.1056];	TopMembershipsportsID10=[11.9765,6.9923,0.0000,8.6744,10.7743,7.5970,0.0000,0.0000,3.3094,5.6253,0.0000,15.3285,0.2260,9.2410,0.0000,21.4068,0.0000,165.5259,0.0000,6.3963];
it500_sports = [TopMembershipsportsID1; TopMembershipsportsID2; TopMembershipsportsID3; TopMembershipsportsID4; TopMembershipsportsID5; TopMembershipsportsID6; TopMembershipsportsID7; TopMembershipsportsID8; TopMembershipsportsID9; TopMembershipsportsID10 ]

