TopMembershipcrimeID1=[0.0000,16.5891,0.0000,0.0000,4.1205,0.0000,65.7689,14.1595,1.0874,0.0000,0.0000,0.0000,2.2744,0.0000,59.7791,0.0000,8.7064,4.9783,17.9678,0.0000];	TopMembershipcrimeID2=[0.0000,5.9809,23.9082,0.0000,0.0000,0.0000,87.7911,0.0000,0.0000,0.0000,0.0000,2.6408,9.1136,0.0000,75.9522,8.0427,12.0073,17.0673,0.0000,0.0000];	TopMembershipcrimeID3=[0.0000,89.5109,10.4316,0.0000,68.4070,0.0000,149.6280,0.0000,12.2059,0.0000,0.0000,18.7819,0.0000,0.0000,109.2775,14.7726,7.4733,0.0000,0.2424,0.0000];	TopMembershipcrimeID4=[0.0000,0.1627,11.5582,0.0000,0.0000,0.0000,38.7737,0.0000,0.0000,0.0000,0.0000,0.0000,6.0711,0.0000,34.5260,7.6452,4.3456,12.0762,0.0000,0.0000];	TopMembershipcrimeID5=[0.0000,15.7805,0.0000,0.0000,10.6427,0.0000,54.8117,0.0000,9.9736,0.0000,0.0000,7.3805,0.0000,0.0000,48.2159,0.0000,0.0000,0.0000,8.7187,0.0000];	TopMembershipcrimeID6=[0.0000,4.3714,0.0000,0.0000,3.4902,0.0000,14.6941,0.0000,0.0000,0.0000,0.0000,2.9385,0.0000,0.0000,13.2244,7.8913,0.0000,0.0000,1.2138,0.0000];	TopMembershipcrimeID7=[0.0000,5.3405,9.3373,0.0000,0.8722,0.0000,52.0539,7.3371,0.0000,0.0000,0.0000,0.0000,14.7999,0.0000,41.4894,0.0000,10.9263,0.0000,4.5288,0.0000];	TopMembershipcrimeID8=[0.0000,3.2278,4.2618,0.0000,1.9250,0.0000,20.3447,2.5205,0.0000,0.0000,0.0000,0.0000,5.5105,0.0000,18.0767,2.0399,1.0437,4.7091,1.9772,0.0000];	TopMembershipcrimeID9=[0.0000,6.9909,0.0000,0.0000,0.0000,0.0000,24.3214,0.0000,5.5901,0.0000,0.0000,2.7322,0.0000,0.0000,19.2187,0.0000,16.0314,0.0000,0.0000,0.0000];	TopMembershipcrimeID10=[0.0000,0.0000,7.7562,0.0000,0.0000,0.0000,21.5077,0.0000,0.0000,0.0000,0.0000,0.0000,1.2296,0.0000,18.2593,3.1131,1.1954,4.3300,0.0000,0.0000];
it200_crime = [TopMembershipcrimeID1; TopMembershipcrimeID2; TopMembershipcrimeID3; TopMembershipcrimeID4; TopMembershipcrimeID5; TopMembershipcrimeID6; TopMembershipcrimeID7; TopMembershipcrimeID8; TopMembershipcrimeID9; TopMembershipcrimeID10 ]

TopMembershipeconomyID1=[10.7728,137.4751,116.3836,74.8107,163.8608,53.4258,3.9447,0.0000,100.3591,0.0000,73.4805,454.2921,0.0000,87.7265,0.0000,0.0000,21.4830,0.0000,0.0000,70.8482];	TopMembershipeconomyID2=[3.9958,38.9144,1.0450,0.0000,29.9457,78.0146,0.0000,25.3192,3.4312,0.0000,0.0000,102.9762,32.2251,20.5109,4.8702,47.5697,0.0000,60.7992,27.8590,39.4891];	TopMembershipeconomyID3=[10.5516,5.5346,9.2008,0.0000,11.5323,0.0000,0.0000,0.0000,1.6832,3.3970,0.0000,16.0739,6.6427,4.2704,0.0000,17.1167,0.0000,0.0000,0.0000,0.0000];	TopMembershipeconomyID4=[24.8146,35.8425,10.8759,0.0000,50.2983,0.0000,12.4110,10.1380,7.0117,0.0000,0.0000,0.0000,38.1946,1.6127,0.0000,72.6703,0.0000,0.0000,12.2755,0.0000];	TopMembershipeconomyID5=[20.1060,18.4618,7.5685,0.0000,30.5642,0.0000,22.3546,13.1049,5.2366,5.0972,0.0000,36.0041,33.5551,0.0000,7.1951,18.6895,0.0000,0.0000,9.1611,0.0000];	TopMembershipeconomyID6=[13.3406,15.2849,1.2437,0.0000,20.8510,0.0000,15.7195,20.9614,7.0112,1.5775,0.0000,0.0000,33.6016,2.9959,5.1718,12.0916,0.0000,0.0000,14.8580,0.0000];	TopMembershipeconomyID7=[6.0736,10.3089,20.5778,0.0000,13.9319,0.0000,0.2976,17.0665,1.0452,0.0000,0.0000,0.0000,31.3732,0.0000,0.0000,30.2586,0.0000,0.0000,9.5372,0.0000];	TopMembershipeconomyID8=[0.2572,0.0000,52.4333,12.8455,0.0000,0.0000,0.0000,0.0000,0.0000,0.9268,17.0960,0.0000,9.6547,0.0000,0.0000,0.0000,0.0000,0.6184,0.0000,0.0000];	TopMembershipeconomyID9=[0.0000,0.0000,40.9968,0.0000,0.0000,0.0000,0.0000,0.0000,0.0000,0.0000,0.0000,0.0000,3.9390,0.0000,0.0000,13.2927,0.7536,0.0000,0.0000,1.2072];	TopMembershipeconomyID10=[0.0000,0.0000,107.8053,15.9113,0.0000,4.4380,0.0000,0.0000,0.0000,0.0000,49.2049,0.0000,0.0000,0.0000,0.0000,41.8400,0.0000,44.5770,0.0000,0.0000];
it200_economy = [TopMembershipeconomyID1; TopMembershipeconomyID2; TopMembershipeconomyID3; TopMembershipeconomyID4; TopMembershipeconomyID5; TopMembershipeconomyID6; TopMembershipeconomyID7; TopMembershipeconomyID8; TopMembershipeconomyID9; TopMembershipeconomyID10 ]

TopMembershipeducationID1=[0.0000,0.0000,0.0000,5.6219,0.0000,61.6749,0.0000,0.0000,0.0000,0.0000,47.4614,47.6109,0.0000,0.0000,0.0000,0.0000,33.2256,66.9905,0.0000,16.8951];	TopMembershipeducationID2=[14.5167,6.6096,0.0000,0.0000,14.7144,2.0360,0.0000,0.0000,0.0000,8.2575,0.0000,1.6306,0.0000,1.0040,0.0000,10.5112,4.5558,0.0000,0.0000,0.0000];	TopMembershipeducationID3=[3.2108,10.8993,2.1163,0.0000,7.6899,0.0000,0.7116,4.1192,14.3033,0.0000,0.0000,5.4654,0.0000,12.1495,0.0000,0.0000,1.6857,0.0000,9.7127,10.7820];	TopMembershipeducationID4=[1.1185,0.0000,4.5987,0.0000,0.0000,14.7389,0.0000,0.0000,0.0000,0.6645,0.0000,0.0000,0.0000,0.0000,0.0000,1.6921,0.0000,16.1594,0.0000,4.9840];	TopMembershipeducationID5=[1.5855,1.8619,0.9880,0.0000,3.7882,5.4834,0.3097,0.0000,0.0000,0.0000,0.0000,0.0000,0.0000,1.4160,0.0000,0.0000,0.0000,3.5303,0.0000,2.5460];	TopMembershipeducationID6=[0.0000,0.0000,8.2276,0.0000,0.0000,0.0000,0.0000,0.3917,0.0000,0.0000,2.3482,0.0000,1.0568,0.0000,0.0000,3.6999,0.6917,0.0000,0.0000,0.0000];	TopMembershipeducationID7=[0.0000,2.4085,1.0053,0.0000,1.3683,0.0000,1.3023,0.0000,0.3063,0.0000,0.0000,1.7383,0.0000,0.0000,0.2476,2.1283,0.3595,0.0000,0.8492,0.2870];	TopMembershipeducationID8=[0.0000,0.0000,0.5133,0.6041,0.0000,0.3744,0.0000,0.0000,0.0000,0.0000,1.2406,0.0000,0.0000,0.0000,0.0000,0.0000,1.1006,0.6714,0.0000,0.0000];	TopMembershipeducationID9=[10.7396,0.0000,3.1823,2.2623,2.0961,10.9327,0.0000,0.0000,0.0000,12.2621,0.0000,0.0000,0.0000,5.9633,0.0000,3.0155,0.0000,7.4348,0.0000,6.0906];	TopMembershipeducationID10=[1.2839,1.9467,0.4295,0.0000,2.5471,1.3493,0.0000,0.0000,1.3643,0.0000,0.0000,1.5050,0.0000,1.9452,0.0000,2.5336,0.2264,0.0000,0.0000,1.7251];
it200_education = [TopMembershipeducationID1; TopMembershipeducationID2; TopMembershipeducationID3; TopMembershipeducationID4; TopMembershipeducationID5; TopMembershipeducationID6; TopMembershipeducationID7; TopMembershipeducationID8; TopMembershipeducationID9; TopMembershipeducationID10 ]

TopMembershipsportsID1=[0.0000,0.0000,0.0000,120.6122,0.0000,809.2626,0.0000,60.6405,0.0000,0.0000,159.9073,5.9820,0.0000,72.6909,148.6137,0.0000,114.4741,1086.7998,7.9085,358.4610];	TopMembershipsportsID2=[28.5477,0.0000,0.0000,0.0000,0.0000,282.0881,0.0000,0.0000,0.0000,10.5631,0.0000,27.3645,0.0000,31.1281,81.6610,0.0000,26.9393,387.0200,0.0000,110.2096];	TopMembershipsportsID3=[7.7986,0.0000,21.2602,0.0000,0.0000,174.2233,0.8504,30.9067,0.0000,0.0000,0.0000,0.0000,15.6220,9.4684,51.3299,5.6093,0.0000,242.6482,12.2316,75.1446];	TopMembershipsportsID4=[319.5611,230.9501,0.0000,10.8499,282.5552,1054.0821,20.2811,0.0000,67.9146,8.8828,0.0000,114.2524,0.0000,323.7640,285.1731,0.0000,0.0000,1247.1547,84.5734,543.1289];	TopMembershipsportsID5=[24.5871,13.0517,0.0000,0.0000,17.9043,130.2468,4.5233,0.0000,0.0000,0.0000,0.0000,8.5986,0.0000,24.1159,36.6639,0.0000,0.7556,167.1777,0.0000,56.7065];	TopMembershipsportsID6=[22.0246,4.9245,0.0000,1.5403,8.1455,103.1764,0.0000,0.0000,0.0000,6.6539,0.0000,3.9340,0.0000,21.4887,22.2564,0.3822,2.4334,130.5240,0.1379,46.4312];	TopMembershipsportsID7=[17.0350,15.4716,0.0000,0.0000,14.9300,115.2615,16.2052,0.0000,0.0000,0.0000,0.0000,0.0000,0.0000,21.0330,46.9902,0.0000,17.2523,151.7222,5.8241,49.7830];	TopMembershipsportsID8=[64.3503,39.3212,0.0000,0.0000,33.4116,337.9557,86.7421,0.0000,0.0000,0.0000,0.0000,10.9501,0.0000,69.0147,167.7475,0.0000,11.8371,442.5703,25.4304,154.9530];	TopMembershipsportsID9=[0.0000,0.0000,0.0000,52.9671,0.0000,308.4143,0.0000,99.8997,0.0000,0.0000,109.7025,0.0000,0.0000,0.0000,94.8753,0.0000,44.2501,454.8279,18.4699,151.3229];	TopMembershipsportsID10=[30.9926,10.1698,0.0000,6.7411,17.4210,131.6912,0.0000,0.0000,0.0000,5.4772,0.0000,15.4571,0.0173,27.8535,15.4128,21.9232,0.0000,165.5331,1.1227,60.3601];
