TopMembershipcrimeID1=[0.0000,8.2729,0.0000,0.0000,7.2868,0.0000,68.5764,4.4438,0.0000,0.0000,0.0000,0.0000,2.7298,0.0000,9.4828,0.0000,8.7022,5.0557,4.2849,0.0000];	TopMembershipcrimeID2=[0.0000,0.0000,20.0988,0.0000,6.0868,0.0000,93.5200,0.0000,0.0000,0.0000,0.0000,2.5516,8.6904,0.0000,32.3309,8.4435,11.9851,17.1268,0.0000,0.0000];	TopMembershipcrimeID3=[0.0000,79.1603,4.6075,0.0000,85.9409,0.0000,157.7946,0.0000,0.0000,0.0000,0.0000,18.5951,0.0000,0.0000,101.3065,16.8352,7.3933,0.0000,0.0000,0.0000];	TopMembershipcrimeID4=[0.0000,0.0000,9.9422,0.0000,2.6669,0.0000,41.6283,0.0000,0.0000,0.0000,0.0000,0.0000,5.7730,0.0000,15.1992,7.9249,4.3367,12.1269,0.0000,0.0000];	TopMembershipcrimeID5=[0.7984,11.4731,0.0000,0.0000,13.4680,0.0176,56.6249,0.0000,4.9533,0.0000,0.0000,7.4124,0.0000,0.5338,0.0000,0.0000,0.0000,0.0000,0.0000,0.0000];	TopMembershipcrimeID6=[0.0000,2.4815,0.5180,0.0000,4.4136,0.0000,15.4818,0.0000,0.0000,0.0000,0.0000,2.9468,0.0000,0.0000,0.0000,8.1090,0.0000,0.0000,0.0000,0.0000];	TopMembershipcrimeID7=[0.0000,0.7374,7.0598,0.0000,4.5804,0.0000,55.4737,2.6182,0.0000,0.0000,0.0000,0.0000,14.6734,0.0000,27.4833,0.0000,10.9061,0.0000,0.0000,0.0000];	TopMembershipcrimeID8=[0.0000,1.2831,3.5731,0.0000,3.0887,0.0000,21.5494,0.4421,0.0000,0.0000,0.0000,0.0000,5.4681,0.0000,6.9415,2.1519,1.0394,4.7237,0.0000,0.0000];	TopMembershipcrimeID9=[0.0000,6.1963,0.0000,0.0000,0.0000,5.7352,25.2836,0.0000,2.7978,0.0000,0.0000,2.7626,0.0000,0.0000,0.0000,0.0000,16.0371,0.0000,0.0000,0.0000];	TopMembershipcrimeID10=[0.0000,0.0000,6.8128,0.0000,0.0000,0.0000,23.2673,0.0000,0.0000,0.0000,0.0000,0.0000,1.0743,0.0000,9.1799,3.1994,1.1898,4.3417,0.0000,0.0000];
it800_crime = [TopMembershipcrimeID1; TopMembershipcrimeID2; TopMembershipcrimeID3; TopMembershipcrimeID4; TopMembershipcrimeID5; TopMembershipcrimeID6; TopMembershipcrimeID7; TopMembershipcrimeID8; TopMembershipcrimeID9; TopMembershipcrimeID10 ]

TopMembershipeconomyID1=[26.1746,170.6353,73.4013,65.2232,179.9209,70.7070,1.7376,0.0000,59.2095,0.0000,70.9818,453.9225,0.0000,102.3147,400.2991,0.0000,21.1454,0.0000,18.2098,151.7808];	TopMembershipeconomyID2=[0.0000,26.1733,5.7619,0.0000,18.2898,0.0000,0.1859,11.8093,15.1327,0.0000,0.0000,103.0593,33.3941,1.4046,0.0000,48.0992,0.0000,60.0694,14.1704,4.7647];	TopMembershipeconomyID3=[9.4365,5.7097,8.6922,0.0000,10.3349,0.0000,0.0000,0.0000,0.1385,2.7788,0.0000,16.0666,6.8205,3.4066,17.5973,17.4812,0.0000,0.0000,0.0000,0.0000];	TopMembershipeconomyID4=[23.3505,32.7895,12.8510,0.0000,47.8741,0.0000,15.1623,5.8155,6.2404,0.0000,0.0000,0.0000,38.6008,0.7081,0.0000,74.6106,0.0000,0.0000,9.5657,0.0000];	TopMembershipeconomyID5=[24.5680,19.2225,4.8781,0.0000,31.9601,0.0000,24.3043,12.6556,0.0000,4.5603,0.0000,35.9696,33.8169,4.3001,36.7990,19.7014,0.0000,0.0000,10.4799,0.0000];	TopMembershipeconomyID6=[14.7765,15.2411,0.0000,0.0000,20.3392,0.0000,16.9807,20.9518,3.5082,2.2957,0.0000,0.0000,33.8869,4.8628,10.3824,12.8522,0.0000,0.0000,15.8109,0.0000];	TopMembershipeconomyID7=[4.5235,9.1945,19.9055,0.0000,12.0643,0.0000,1.5603,17.0524,0.8978,0.0000,0.0000,0.0000,31.5067,0.0000,0.0000,30.7193,0.0000,0.0000,9.8721,0.0000];	TopMembershipeconomyID8=[0.0000,0.0000,43.1905,4.6142,0.2556,0.0000,0.0000,0.0000,0.0000,0.0000,16.4464,0.0000,9.0828,0.0000,16.2808,0.0000,0.0000,0.9578,0.0000,0.5953];	TopMembershipeconomyID9=[0.0000,0.0000,37.2093,0.0000,0.0000,0.0000,0.0000,0.0000,0.0000,0.0000,0.0000,0.0000,3.7780,0.0000,49.7887,12.8980,0.7142,0.0000,0.0000,10.5026];	TopMembershipeconomyID10=[0.0000,0.0000,107.9224,0.0000,0.0000,0.0000,0.0000,0.0000,0.0000,0.0000,42.6594,0.0000,0.0000,0.0000,39.9873,38.7526,0.0000,43.7177,0.0000,0.0000];
it800_economy = [TopMembershipeconomyID1; TopMembershipeconomyID2; TopMembershipeconomyID3; TopMembershipeconomyID4; TopMembershipeconomyID5; TopMembershipeconomyID6; TopMembershipeconomyID7; TopMembershipeconomyID8; TopMembershipeconomyID9; TopMembershipeconomyID10 ]

TopMembershipeducationID1=[0.0000,0.0000,0.0000,0.0000,20.5402,0.0000,0.0000,0.0000,0.0000,0.0000,45.2690,46.6067,0.0000,0.0000,458.0771,0.0000,32.8805,65.7240,0.0000,3.1647];	TopMembershipeducationID2=[18.5331,5.3167,0.0000,0.0000,17.4178,0.0000,0.0000,0.0000,0.0000,4.3276,0.0000,1.4751,0.0000,4.4124,70.3036,10.8578,4.5042,0.0000,0.0000,0.0000];	TopMembershipeducationID3=[9.8214,10.8279,1.8951,0.0000,10.3052,20.2919,0.0000,4.3776,4.9669,0.0000,0.0000,5.3330,0.0000,18.3762,70.4759,0.0000,1.6285,0.0000,11.0662,20.8072];	TopMembershipeducationID4=[1.4999,0.0000,4.8315,0.0000,0.0000,0.0000,0.0000,0.0000,0.0000,0.0000,0.0000,0.0000,0.0000,0.0000,62.8448,1.4911,0.0000,16.0227,0.0000,0.7751];	TopMembershipeducationID5=[3.3007,2.0587,0.7761,0.0000,5.4635,0.5557,0.1394,0.0000,0.0000,0.0000,0.0000,0.0000,0.0000,2.9276,35.2395,0.0000,0.0000,3.4428,0.0000,2.1357];	TopMembershipeducationID6=[0.0000,0.0000,7.8718,0.0000,0.0000,0.0000,0.0000,0.5256,0.0000,0.0000,2.0860,0.0000,0.9631,0.0000,34.2784,3.5883,0.6673,0.0000,0.0000,0.0000];	TopMembershipeducationID7=[0.0000,1.9885,1.1017,0.0000,2.0450,0.4803,1.2906,0.0000,0.0000,0.0000,0.0000,1.7175,0.0000,0.0000,11.9026,2.1653,0.3510,0.0000,0.4953,0.8729];	TopMembershipeducationID8=[0.0000,0.0000,0.5024,0.0000,0.0000,0.0000,0.0000,0.0000,0.0000,0.0000,1.1570,0.0000,0.0000,0.0000,8.8990,0.0000,1.0944,0.6475,0.0000,0.0264];	TopMembershipeducationID9=[12.0596,0.0000,3.5292,0.0000,2.7550,3.2725,0.0000,0.0000,0.0000,9.3692,0.0000,0.0000,0.0000,6.9942,48.7217,2.8850,0.0000,7.3187,0.0000,5.6153];	TopMembershipeducationID10=[2.1836,2.1228,0.6746,0.0000,3.1369,1.9585,0.0000,0.0000,0.0389,0.0000,0.0000,1.4740,0.0000,2.6826,15.7620,2.5575,0.2145,0.0000,0.0000,2.6461];
it800_education = [TopMembershipeducationID1; TopMembershipeducationID2; TopMembershipeducationID3; TopMembershipeducationID4; TopMembershipeducationID5; TopMembershipeducationID6; TopMembershipeducationID7; TopMembershipeducationID8; TopMembershipeducationID9; TopMembershipeducationID10 ]

TopMembershipsportsID1=[0.0000,0.0000,0.0000,85.5861,0.0000,27.5206,0.0000,25.4348,0.0000,0.0000,155.9313,4.6759,0.0000,0.0000,116.8702,0.0000,114.4238,1088.5245,0.0000,29.2851];	TopMembershipsportsID2=[0.0000,0.0000,0.0000,0.0000,0.0000,0.0000,0.0000,0.0000,0.0000,12.7902,0.0000,26.9400,0.0000,0.0000,5.9289,0.0000,26.9435,387.2818,0.0000,0.0000];	TopMembershipsportsID3=[0.0000,0.0000,22.9182,0.0000,0.0000,0.0000,0.0000,18.1834,0.0000,0.0000,0.0000,0.0000,16.4173,0.0000,39.5190,4.0334,0.0000,243.1194,0.0000,0.0000];	TopMembershipsportsID4=[172.8096,213.8942,0.0000,30.2080,233.1860,111.7331,0.0000,0.0000,192.3920,3.7179,0.0000,113.1950,0.0000,173.9851,0.0000,0.0000,0.0000,1247.6578,52.0493,150.9903];	TopMembershipsportsID5=[6.6423,9.1319,0.0000,0.0000,12.6133,0.3868,2.3183,0.0000,3.6319,0.0000,0.0000,8.3863,0.0000,6.4073,21.1785,0.0000,0.7418,167.2208,0.0000,5.4329];	TopMembershipsportsID6=[6.4250,2.0149,0.0000,0.0000,2.7487,3.4265,0.0000,0.0000,4.9449,6.3915,0.0000,3.7960,0.0000,5.8577,0.0000,0.0205,2.4357,130.5527,0.0000,5.6011];	TopMembershipsportsID7=[1.3911,10.2195,0.0000,0.0000,9.9730,4.4803,14.5002,0.0000,8.1250,0.0000,0.0000,0.0000,0.0000,5.7932,0.0000,0.0000,17.2581,151.8906,0.0000,0.9114];	TopMembershipsportsID8=[24.3861,18.7806,0.0000,0.0000,19.2807,29.1203,83.2735,0.0000,22.6160,2.4540,0.0000,10.3970,0.0000,31.4534,33.8463,0.0000,11.8129,442.9101,0.0000,16.7954];	TopMembershipsportsID9=[0.0000,0.0000,0.0000,44.4629,0.0000,53.7429,0.0000,75.3949,0.0000,0.0000,108.1718,0.0000,0.0000,0.0000,142.9982,0.0000,44.1629,455.7611,0.0000,28.6778];	TopMembershipsportsID10=[8.5697,6.7198,0.7423,0.0000,9.2466,0.0000,0.0000,0.0000,6.2833,4.9909,0.0000,15.3107,0.2922,5.3055,0.0000,21.5472,0.0000,165.6922,0.0000,7.6122];
it800_sports = [TopMembershipsportsID1; TopMembershipsportsID2; TopMembershipsportsID3; TopMembershipsportsID4; TopMembershipsportsID5; TopMembershipsportsID6; TopMembershipsportsID7; TopMembershipsportsID8; TopMembershipsportsID9; TopMembershipsportsID10 ]

