TopMembershipcrimeID1=[0.0000,9.3035,0.0000,0.0000,7.8930,0.0000,68.1813,7.1975,0.0000,0.0000,0.0000,0.0000,2.6577,0.0000,8.8070,0.0000,8.7011,5.1114,7.9589,0.0000];	TopMembershipcrimeID2=[0.0000,1.0028,19.7721,0.0000,7.9843,0.0000,91.9300,0.0000,0.0000,0.0000,0.0000,2.6420,8.4656,0.0000,31.3454,8.5544,11.9841,17.2520,0.0000,0.0000];	TopMembershipcrimeID3=[0.0000,84.4904,3.4249,0.0000,88.4343,0.0000,155.4663,0.0000,0.0000,0.0000,0.0000,18.7385,0.0000,0.0000,95.5503,16.9087,7.3946,0.0000,0.0000,0.0000];	TopMembershipcrimeID4=[0.0000,0.0000,9.7787,0.0000,3.5282,0.0000,40.9493,0.0000,0.0000,0.0000,0.0000,0.0000,5.6652,0.0000,15.1446,7.9589,4.3361,12.1835,0.0000,0.0000];	TopMembershipcrimeID5=[0.4353,11.5506,0.0000,0.0000,13.7184,0.0000,56.4287,0.0000,5.1371,0.0000,0.0000,7.4488,0.0000,0.4265,0.0000,0.0000,0.0000,0.0000,0.4905,0.0000];	TopMembershipcrimeID6=[0.0000,2.4748,0.3915,0.0000,4.3874,0.0000,15.4889,0.0000,0.0000,0.0000,0.0000,2.9598,0.0000,0.0000,0.0000,8.0842,0.0000,0.0000,0.0000,0.0000];	TopMembershipcrimeID7=[0.0000,2.2640,6.9475,0.0000,5.9176,0.0000,54.5236,6.2161,0.0000,0.0000,0.0000,0.0000,14.5571,0.0000,26.2907,0.0000,10.9060,0.0000,0.8291,0.0000];	TopMembershipcrimeID8=[0.0000,1.7815,3.5030,0.0000,3.5222,0.0000,21.2332,1.7100,0.0000,0.0000,0.0000,0.0000,5.4310,0.0000,6.7229,2.1681,1.0392,4.7502,0.1391,0.0000];	TopMembershipcrimeID9=[0.0000,6.0655,0.0000,0.0000,0.0000,4.9867,25.4270,0.0000,2.7116,0.0000,0.0000,2.7722,0.0000,0.0000,0.0000,0.0000,16.0366,0.0000,0.0000,0.0000];	TopMembershipcrimeID10=[0.0000,0.0000,6.7473,0.0000,0.3001,0.0000,22.8154,0.0000,0.0000,0.0000,0.0000,0.0000,0.9998,0.0000,9.1916,3.2292,1.1895,4.3778,0.0000,0.0000];	
it600_crime = [TopMembershipcrimeID1; TopMembershipcrimeID2; TopMembershipcrimeID3; TopMembershipcrimeID4; TopMembershipcrimeID5; TopMembershipcrimeID6; TopMembershipcrimeID7; TopMembershipcrimeID8; TopMembershipcrimeID9; TopMembershipcrimeID10 ]

TopMembershipeconomyID1=[40.8559,182.9103,73.3785,65.4360,188.3513,145.5750,1.7849,0.0000,68.9532,0.0000,72.6798,453.7654,0.0000,119.6523,371.6754,0.0000,21.1639,0.0000,29.9563,113.3387];	TopMembershipeconomyID2=[0.0000,29.3183,5.3508,0.0000,20.0108,0.0000,0.0972,13.0277,15.7737,0.0000,0.0000,103.0255,33.6098,1.3359,0.0000,47.8915,0.0000,60.0485,16.5155,5.2753];	TopMembershipeconomyID3=[10.4496,6.6257,8.6127,0.0000,11.0715,0.0000,0.0000,0.0000,0.5965,2.8155,0.0000,16.0612,6.9030,4.3485,17.5122,17.4377,0.0000,0.0000,0.0000,0.0000];	TopMembershipeconomyID4=[24.2142,34.7451,12.0748,0.0000,49.2399,0.0000,15.5200,6.4128,6.5988,0.0000,0.0000,0.0000,38.9093,1.2151,0.0000,74.3579,0.0000,0.0000,11.3504,0.0000];	TopMembershipeconomyID5=[26.6105,21.0525,4.6097,0.0000,33.6845,0.0000,24.3272,14.0309,0.0000,4.8544,0.0000,35.9871,33.9841,6.2601,35.2946,19.6376,0.0000,0.0000,12.9385,0.0000];	TopMembershipeconomyID6=[15.8321,16.6373,0.0000,0.0000,21.5770,0.0000,17.0658,21.8340,4.1853,2.2694,0.0000,0.0000,34.0180,5.7557,9.7651,12.7866,0.0000,0.0000,17.4340,0.0000];	TopMembershipeconomyID7=[4.9364,10.2670,19.6871,0.0000,12.7570,0.0000,1.5844,17.5395,1.0989,0.0000,0.0000,0.0000,31.6079,0.0000,0.0000,30.6962,0.0000,0.0000,10.7024,0.0000];	TopMembershipeconomyID8=[0.0000,0.0000,43.6083,4.5735,0.5963,0.0000,0.0000,0.0000,0.0000,0.0000,16.4167,0.0000,9.0577,0.0000,16.3438,0.0000,0.0000,0.9442,0.0000,0.0000];	TopMembershipeconomyID9=[0.0000,0.0000,37.3409,0.0000,0.0000,4.8382,0.0000,0.0000,0.0000,0.0000,0.0000,0.0000,3.7796,0.6707,48.5078,13.0402,0.7159,0.0000,0.0000,6.3812];	TopMembershipeconomyID10=[0.0000,0.0000,109.5906,0.0000,0.0000,0.0000,0.0000,0.0000,0.0000,0.0000,43.6285,0.0000,0.0000,0.0000,49.5106,38.9893,0.0000,43.7163,0.0000,0.0000];
it600_economy = [TopMembershipeconomyID1; TopMembershipeconomyID2; TopMembershipeconomyID3; TopMembershipeconomyID4; TopMembershipeconomyID5; TopMembershipeconomyID6; TopMembershipeconomyID7; TopMembershipeconomyID8; TopMembershipeconomyID9; TopMembershipeconomyID10 ]

TopMembershipeducationID1=[0.0000,1.1283,0.0000,0.0000,21.9189,67.3927,0.0000,0.0000,0.0000,0.0000,48.1898,46.6528,0.0000,9.8421,437.4722,0.0000,32.8871,65.8774,0.0000,0.0000];	TopMembershipeducationID2=[20.5732,5.6790,0.0000,0.0000,17.7186,3.4191,0.0000,0.0000,0.0000,5.2521,0.0000,1.4907,0.0000,6.8715,67.9926,10.7624,4.5048,0.0000,0.0000,0.0000];	TopMembershipeducationID3=[11.7592,11.4535,1.9068,0.0000,10.5403,32.2987,0.0000,4.6521,5.9961,0.0000,0.0000,5.3354,0.0155,21.0346,66.6318,0.0000,1.6298,0.0000,11.8721,15.1624];	TopMembershipeducationID4=[3.3626,0.0000,4.9866,0.0000,0.0000,6.1000,0.0000,0.0000,0.0000,0.0000,0.0000,0.0000,0.0000,1.2415,60.7777,1.4815,0.0000,16.0363,0.0000,0.0000];	TopMembershipeducationID5=[4.2928,2.3313,0.7681,0.0000,5.6839,6.4574,0.0000,0.0000,0.0000,0.0000,0.0000,0.0000,0.0000,4.1924,33.6849,0.0000,0.0000,3.4600,0.0000,0.0000];	TopMembershipeducationID6=[0.0000,0.0000,7.9684,0.0000,0.0000,0.1196,0.0000,1.0818,0.0000,0.0000,2.2951,0.0000,0.8966,0.0000,33.2968,3.5988,0.6676,0.0000,0.0000,0.0000];	TopMembershipeducationID7=[0.0000,2.1005,1.0877,0.0000,2.0271,2.2768,1.2963,0.0000,0.0000,0.0000,0.0000,1.7196,0.0000,0.3486,11.4205,2.1610,0.3511,0.0000,0.6004,0.0532];	TopMembershipeducationID8=[0.0000,0.0000,0.5238,0.1356,0.0000,1.2228,0.0000,0.0000,0.0000,0.0000,1.2127,0.0000,0.0000,0.0754,8.6045,0.0000,1.0945,0.6511,0.0000,0.0000];	TopMembershipeducationID9=[13.5767,0.0000,3.5891,0.0000,3.0879,11.1578,0.0000,0.0000,0.0000,9.8640,0.0000,0.0000,0.0000,8.7894,46.8303,2.8753,0.0000,7.3304,0.0000,1.9112];	TopMembershipeducationID10=[2.5797,2.1970,0.6563,0.0000,3.1437,4.4745,0.0000,0.0000,0.2091,0.0000,0.0000,1.4740,0.0000,3.2115,15.1180,2.5482,0.2147,0.0000,0.0000,1.4598];
it600_education = [TopMembershipeducationID1; TopMembershipeducationID2; TopMembershipeducationID3; TopMembershipeducationID4; TopMembershipeducationID5; TopMembershipeducationID6; TopMembershipeducationID7; TopMembershipeducationID8; TopMembershipeducationID9; TopMembershipeducationID10 ]

TopMembershipsportsID1=[0.0000,0.0000,0.0000,86.5763,0.0000,41.4204,0.0000,28.7562,0.0000,0.0000,158.0451,4.5569,0.0000,0.0000,111.2239,0.0000,114.4454,1087.9907,0.0000,22.6251];	TopMembershipsportsID2=[0.0000,0.0000,0.0000,0.0000,0.0000,0.0000,0.0000,0.0000,0.0000,12.4194,0.0000,26.9448,0.0000,0.0000,7.9087,0.0000,26.9494,387.1709,0.0000,0.0000];	TopMembershipsportsID3=[0.0000,0.0000,23.3149,0.0000,0.0000,0.0000,0.0000,19.9337,0.0000,0.0000,0.0000,0.0000,16.2681,0.0000,39.1817,4.0805,0.0000,243.0332,0.0000,0.0000];	TopMembershipsportsID4=[174.1853,219.0621,0.0000,22.2515,238.6783,115.0870,0.0000,0.0000,194.9791,4.6048,0.0000,113.1098,0.0000,174.9645,0.0000,0.0000,0.0000,1247.0931,57.8910,145.3768];	TopMembershipsportsID5=[7.9721,10.5180,0.0000,0.0000,13.9358,5.6229,1.4830,0.0000,4.5489,0.0000,0.0000,8.3897,0.0000,7.7253,19.7379,0.0000,0.7453,167.1798,0.0000,2.7070];	TopMembershipsportsID6=[6.8537,2.5744,0.0000,0.0000,3.3457,4.3521,0.0000,0.0000,5.2254,6.2382,0.0000,3.7898,0.0000,6.1604,0.0000,0.0000,2.4381,130.5034,0.0000,4.9617];	TopMembershipsportsID7=[1.6925,11.0799,0.0000,0.0000,10.6824,5.6775,14.0383,0.0000,8.5496,0.0000,0.0000,0.0000,0.0000,6.1370,0.0000,0.0000,17.2605,151.8424,0.0000,0.3696];	TopMembershipsportsID8=[27.5074,22.4734,0.0000,0.0000,23.0111,42.2287,80.6744,0.0000,25.3120,3.3728,0.0000,10.4538,0.0000,35.0446,30.1577,0.0000,11.8209,442.8352,0.0000,10.9368];	TopMembershipsportsID9=[0.0000,0.0000,0.0000,50.8260,0.0000,69.4277,0.0000,81.2041,0.0000,0.0000,110.3954,0.0000,0.0000,0.0000,137.1969,0.0000,44.1724,455.5702,0.0000,23.1836];	TopMembershipsportsID10=[8.9079,7.3687,0.4473,0.0000,9.8353,0.0000,0.0000,0.0000,6.4152,4.5959,0.0000,15.2889,0.3973,5.3308,0.0000,21.4625,0.0000,165.6091,0.0000,7.2108];
it600_sports = [TopMembershipsportsID1; TopMembershipsportsID2; TopMembershipsportsID3; TopMembershipsportsID4; TopMembershipsportsID5; TopMembershipsportsID6; TopMembershipsportsID7; TopMembershipsportsID8; TopMembershipsportsID9; TopMembershipsportsID10 ]

