TopMembershipcrimeID1=[0.0000,0.0000,0.0000,0.0000,0.0000,0.0000,77.3649,0.0000,0.0000,0.0000,0.0000,0.0000,0.0306,0.0000,7.2668,0.0000,8.6960,4.4011,23.9261,0.0000];	TopMembershipcrimeID2=[0.0000,0.0000,19.9788,0.0000,0.0000,0.0000,107.0364,0.0000,0.0000,0.0000,0.0000,2.4438,0.5203,0.0000,27.0437,8.2476,11.9850,16.4293,0.0000,0.0000];	TopMembershipcrimeID3=[0.0000,0.0000,4.7263,0.0000,0.0000,0.0000,181.7657,0.0000,0.0000,0.0000,0.0000,18.4095,0.0000,0.0000,107.8536,17.0930,7.3895,0.0000,19.8732,0.0000];	TopMembershipcrimeID4=[0.0000,0.0000,10.1187,0.0000,0.0000,0.0000,48.4865,0.0000,0.0000,0.0000,0.0000,0.0000,0.8042,0.0000,11.0189,7.8380,4.3363,11.8463,0.0000,0.0000];	TopMembershipcrimeID5=[0.0000,1.3106,0.0000,0.0000,0.3349,0.0000,61.0129,7.9557,0.4340,0.0000,0.0000,7.3190,0.0000,0.0000,0.0000,0.0000,0.0000,0.0000,37.4115,0.0000];	TopMembershipcrimeID6=[0.0000,0.0000,0.8832,0.0000,0.0000,0.0000,17.7953,0.0000,0.0000,0.0000,0.0000,2.9335,0.0000,0.0000,0.0000,8.1638,0.0000,0.0000,1.3971,0.0000];	TopMembershipcrimeID7=[0.0000,0.0000,7.2663,0.0000,0.0000,0.0000,63.6616,0.0000,0.0000,0.0000,0.0000,0.0000,10.4936,0.0000,26.3304,0.0000,10.9064,0.0000,8.2394,0.0000];	TopMembershipcrimeID8=[0.0000,0.0000,3.6490,0.0000,0.0000,0.0000,24.5922,0.0000,0.0000,0.0000,0.0000,0.0000,3.6016,0.0000,5.8861,2.1109,1.0390,4.5659,0.0000,0.0000];	TopMembershipcrimeID9=[0.0000,0.0000,0.0000,0.0000,0.0000,0.0000,27.9998,0.0000,0.0000,0.0000,0.0000,2.7119,0.0000,0.0000,0.0000,0.0000,16.0357,0.0000,0.0000,6.2820];	TopMembershipcrimeID10=[0.0000,0.0000,6.9547,0.0000,0.0000,0.0000,28.0798,0.0000,0.0000,0.0000,0.0000,0.0000,0.0000,0.0000,6.7021,3.0984,1.1893,4.1205,4.1073,0.0000];	
it8000_crime = [TopMembershipcrimeID1; TopMembershipcrimeID2; TopMembershipcrimeID3; TopMembershipcrimeID4; TopMembershipcrimeID5; TopMembershipcrimeID6; TopMembershipcrimeID7; TopMembershipcrimeID8; TopMembershipcrimeID9; TopMembershipcrimeID10 ]

TopMembershipeconomyID1=[81.9197,171.7830,69.2142,176.2970,182.0347,167.2988,38.3740,3203.0228,156.8244,0.0000,134.5298,453.8773,0.0000,117.5755,422.2467,0.0000,21.2152,0.0000,42.4421,79.2997];	TopMembershipeconomyID2=[0.0000,0.0000,7.8858,0.0000,0.0000,7.5217,21.2261,718.3120,0.0000,0.0000,0.0000,102.8622,29.6003,0.0000,0.0000,48.2148,0.0000,59.4424,123.7002,2.9811];	TopMembershipeconomyID3=[1.5060,0.0000,9.1618,0.0000,0.0000,2.2216,2.2998,297.2079,0.0000,6.7014,0.0000,16.0099,4.7881,0.0000,15.1910,17.4763,0.0000,0.0000,8.5519,0.0000];	TopMembershipeconomyID4=[0.0000,0.0000,14.7556,0.0000,0.0000,0.0000,32.5117,386.6946,0.0000,8.2440,0.0000,0.0000,28.5277,0.0000,0.0000,75.1427,0.0000,0.0000,12.4591,0.0000];	TopMembershipeconomyID5=[21.3381,11.8198,5.8135,7.1086,16.1216,0.0000,34.2626,375.5436,0.0000,0.0000,0.0000,35.9179,27.7194,2.9131,34.8100,19.7212,0.0000,0.0000,0.0000,0.0000];	TopMembershipeconomyID6=[15.2000,10.8471,0.3140,6.7270,13.4170,0.0000,23.2588,271.9936,2.9322,0.0000,0.0000,0.0000,30.4759,4.9142,7.5608,12.8922,0.0000,0.0000,0.0000,0.0000];	TopMembershipeconomyID7=[0.0000,0.0000,20.0762,0.0000,0.0000,0.0000,8.5394,161.2203,0.0000,1.4348,0.0000,0.0000,27.8665,0.0000,0.0000,30.7830,0.0000,0.0000,0.0000,0.0000];	TopMembershipeconomyID8=[8.0199,3.8603,41.5596,10.7012,8.5008,0.0000,0.0000,187.2005,0.0000,0.0000,14.9239,0.0000,5.7554,0.0000,11.1565,0.0000,0.0000,0.8674,11.5718,0.0000];	TopMembershipeconomyID9=[0.0000,0.0000,36.3582,0.0000,0.0000,7.2225,0.0000,175.4911,0.0000,0.0000,0.0000,0.0000,2.7108,0.0000,52.4322,12.5625,0.7239,0.0000,3.8829,3.5444];	TopMembershipeconomyID10=[0.0000,0.0000,109.5752,0.0000,0.0000,0.0000,0.0000,295.7624,0.0000,8.7564,0.0000,0.0000,0.0000,0.0000,0.0000,36.7882,0.0000,43.4461,52.9164,0.0000];
it8000_economy = [TopMembershipeconomyID1; TopMembershipeconomyID2; TopMembershipeconomyID3; TopMembershipeconomyID4; TopMembershipeconomyID5; TopMembershipeconomyID6; TopMembershipeconomyID7; TopMembershipeconomyID8; TopMembershipeconomyID9; TopMembershipeconomyID10 ]

TopMembershipeducationID1=[0.0000,0.0000,0.0000,15.4533,1.6126,3.5072,0.0000,112.8962,1.1579,0.0000,35.6031,46.7218,0.0000,0.0000,512.4448,0.0000,32.9318,65.0359,127.5366,0.0000];	TopMembershipeducationID2=[5.4555,0.0000,0.0000,0.0000,0.0000,0.0000,0.0000,2.6803,0.0000,9.2193,0.0000,1.4944,0.0000,0.0000,80.1850,10.9734,4.5096,0.0000,9.7916,0.0000];	TopMembershipeducationID3=[0.0000,3.5351,1.2455,0.0000,0.0000,14.7233,0.0000,8.4275,8.5110,0.5382,0.0000,5.3290,1.5856,7.5188,85.3127,0.0000,1.6380,0.0000,4.9091,17.0699];	TopMembershipeducationID4=[0.0000,0.0000,5.4155,0.0000,0.0000,0.0000,0.0000,4.7545,0.0000,2.5912,0.0000,0.0000,0.0000,0.0000,70.0144,1.3062,0.0000,15.9000,27.0964,0.0000];	TopMembershipeducationID5=[0.0000,0.0000,0.8830,0.0000,0.0000,1.8575,1.9321,3.1773,0.8690,0.2554,0.0000,0.0000,0.0000,0.0199,40.2094,0.0000,0.0000,3.3358,13.4078,1.4258];	TopMembershipeducationID6=[0.0000,0.0000,8.0306,0.0000,0.0000,0.0000,1.5164,4.0626,0.0000,0.0000,0.0000,0.0000,0.6816,0.0000,36.2606,3.4583,0.6719,0.0000,4.7420,0.0000];	TopMembershipeducationID7=[0.0000,0.1242,1.1503,0.0000,0.0644,0.0000,1.9036,0.0729,0.0000,0.0000,0.0000,1.7214,0.0000,0.0000,13.3226,2.1744,0.3530,0.0000,0.0000,0.2837];	TopMembershipeducationID8=[0.0000,0.0000,0.5463,0.0000,0.0000,0.0000,0.2651,0.2031,0.0000,0.2873,0.6139,0.0000,0.0000,0.0000,9.7050,0.0000,1.0957,0.6347,0.6332,0.0000];	TopMembershipeducationID9=[3.2656,0.0000,3.6380,0.0000,0.0000,4.0087,0.0000,6.0887,0.0000,11.5841,0.0000,0.0000,0.0000,1.5076,56.5233,2.8460,0.0000,7.2680,9.8703,2.7563];	TopMembershipeducationID10=[0.0000,0.1748,0.6733,0.0000,0.0000,2.3540,0.0000,2.0142,0.8681,0.7691,0.0000,1.4792,0.0000,0.6223,18.4338,2.5899,0.2165,0.0000,0.0697,1.9724];
it8000_education = [TopMembershipeducationID1; TopMembershipeducationID2; TopMembershipeducationID3; TopMembershipeducationID4; TopMembershipeducationID5; TopMembershipeducationID6; TopMembershipeducationID7; TopMembershipeducationID8; TopMembershipeducationID9; TopMembershipeducationID10 ]

TopMembershipsportsID1=[0.0000,0.0000,0.0000,51.6908,0.4167,66.0513,0.0000,22.5367,14.9121,0.0000,115.1424,4.5086,4.6867,0.0000,113.2350,0.0000,114.4556,1092.7233,149.7122,18.6420];	TopMembershipsportsID2=[0.0000,0.0000,0.0000,0.0000,0.0000,0.0000,13.2262,0.0000,0.0000,48.2744,0.0000,26.8002,0.0000,0.0000,2.6230,0.0000,26.9465,388.4018,27.7640,4.1098];	TopMembershipsportsID3=[0.0000,0.0000,24.4024,0.0000,0.0000,0.0000,15.9690,0.0000,0.0000,2.3822,0.0000,0.0000,17.3950,0.0000,38.9203,3.3162,0.0000,243.7528,11.9175,0.0000];	TopMembershipsportsID4=[107.9531,119.4952,0.0000,63.0160,95.3323,184.2049,0.0000,6.5179,146.6601,18.4503,0.0000,113.0030,0.0000,144.4046,0.0000,0.0808,0.0000,1253.0680,53.4005,143.6408];	TopMembershipsportsID5=[3.5521,4.9013,0.0000,3.3665,4.4049,8.7409,7.4379,0.0000,5.8455,0.0000,0.0000,8.3421,0.0000,4.8265,25.1371,0.0000,0.7451,167.7916,1.4485,3.4011];	TopMembershipsportsID6=[0.9564,0.0000,0.0000,0.0000,0.0000,9.4436,0.0000,0.0000,2.6288,9.2518,0.0000,3.7782,0.0000,3.4814,0.8551,0.0468,2.4362,131.1020,5.4872,6.2666];	TopMembershipsportsID7=[0.0000,0.0000,0.0000,0.0000,0.0000,2.9565,20.0338,14.4857,1.8237,2.1301,0.0000,0.0000,0.0000,0.2861,0.0000,0.0000,17.2569,152.3105,1.9090,5.3921];	TopMembershipsportsID8=[0.0000,0.0000,0.0000,0.0000,0.0000,7.3499,107.6144,48.6516,4.4006,39.5051,0.0000,10.0440,0.0000,5.0622,44.9992,0.0000,11.8154,443.4614,56.6102,33.1728];	TopMembershipsportsID9=[0.0000,0.0000,0.0000,0.0000,0.0000,6.2342,31.3074,3.6210,0.0000,0.0000,49.1406,0.0000,0.4563,0.0000,140.1987,0.0000,44.2157,456.5927,61.5168,43.5898];	TopMembershipsportsID10=[6.7225,3.8653,1.7774,1.6791,3.6896,13.8946,0.0000,0.0000,4.4671,3.7578,0.0000,15.3267,0.0000,5.4745,0.0000,21.6255,0.0000,166.5494,0.0000,3.7016];
it8000_sports = [TopMembershipsportsID1; TopMembershipsportsID2; TopMembershipsportsID3; TopMembershipsportsID4; TopMembershipsportsID5; TopMembershipsportsID6; TopMembershipsportsID7; TopMembershipsportsID8; TopMembershipsportsID9; TopMembershipsportsID10 ]

