TopMembershipcrimeID1=[0.0000,0.0000,0.0000,0.0000,0.0000,0.0000,83.5509,0.0000,0.0000,0.0000,0.0000,0.0000,0.0000,0.0000,7.4612,0.0000,8.6930,4.4604,24.0146,0.0000];	TopMembershipcrimeID2=[0.0000,0.0000,19.8678,0.0000,0.0000,0.0000,117.6863,0.0000,0.0000,0.0000,0.0000,2.5831,0.0000,0.0000,27.3168,8.3526,11.9809,16.5246,0.0000,0.0000];	TopMembershipcrimeID3=[0.0000,0.0000,4.5511,0.0000,0.0000,0.0000,191.0924,0.0000,0.0000,0.0000,0.0000,18.6048,0.0000,0.0000,108.2375,17.0209,7.3835,0.0000,20.0865,0.0000];	TopMembershipcrimeID4=[0.0000,0.0000,9.9810,0.0000,0.0000,0.0000,54.2492,0.0000,0.0000,0.0000,0.0000,0.0000,0.1177,0.0000,11.1478,7.8851,4.3345,11.8918,0.0000,0.0000];	TopMembershipcrimeID5=[0.0000,0.9784,0.0000,0.0000,0.4256,0.0000,62.0088,7.9994,0.0000,0.0000,0.0000,7.3915,0.0000,0.0000,0.0000,0.0000,0.0000,0.0000,37.4607,0.0000];	TopMembershipcrimeID6=[0.0000,0.0000,0.7374,0.0000,0.0000,0.0000,19.4598,0.0000,0.0000,0.0000,0.0000,2.9607,0.0000,0.0000,0.0000,8.1488,0.0000,0.0000,1.4189,0.0000];	TopMembershipcrimeID7=[0.0000,0.0000,7.2372,0.0000,0.0000,0.0000,69.0426,0.0000,0.0000,0.0000,0.0000,0.0000,9.9801,0.0000,26.4790,0.0000,10.9040,0.0000,8.3166,0.0000];	TopMembershipcrimeID8=[0.0000,0.0000,3.6202,0.0000,0.0000,0.0000,26.7837,0.0000,0.0000,0.0000,0.0000,0.0000,3.3807,0.0000,5.9445,2.1267,1.0381,4.5834,0.0000,0.0000];	TopMembershipcrimeID9=[0.0000,0.0000,0.0000,0.0000,0.0000,0.0000,29.3736,0.0000,0.0000,0.0000,0.0000,2.7469,0.0000,0.0000,0.0000,0.0000,16.0346,0.0000,0.0000,4.9399];	TopMembershipcrimeID10=[0.0000,0.0000,6.9031,0.0000,0.0000,0.0000,31.6827,0.0000,0.0000,0.0000,0.0000,0.0000,0.0000,0.0000,6.7734,3.1363,1.1883,4.1428,4.1451,0.0000];
it10000_crime = [TopMembershipcrimeID1; TopMembershipcrimeID2; TopMembershipcrimeID3; TopMembershipcrimeID4; TopMembershipcrimeID5; TopMembershipcrimeID6; TopMembershipcrimeID7; TopMembershipcrimeID8; TopMembershipcrimeID9; TopMembershipcrimeID10 ]

TopMembershipeconomyID1=[75.0280,175.8699,74.0795,179.9804,183.1937,179.9958,0.0000,3202.0065,163.6287,0.0000,144.0289,453.3301,0.0000,113.8037,421.5117,0.0000,21.2219,0.0000,42.2924,88.5198];	TopMembershipeconomyID2=[0.0000,0.0000,7.3011,0.0000,0.0000,0.0000,25.6343,718.2638,0.0000,0.0000,0.0000,102.8407,29.4853,0.0000,0.0000,48.0590,0.0000,59.3799,123.6848,2.4998];	TopMembershipeconomyID3=[1.0176,0.0000,9.1105,0.0000,0.0000,0.0000,3.5296,297.1637,0.0000,7.0382,0.0000,15.9932,4.6049,0.0000,15.1614,17.4315,0.0000,0.0000,8.5520,0.0000];	TopMembershipeconomyID4=[0.0000,0.0000,14.0959,0.0000,0.0000,0.0000,39.3211,386.6740,0.0000,8.4116,0.0000,0.0000,27.6775,0.0000,0.0000,74.8865,0.0000,0.0000,12.5023,0.0000];	TopMembershipeconomyID5=[23.0776,11.7839,5.8029,8.2408,16.0506,0.0000,34.2241,375.4666,0.0000,0.0000,0.0000,35.9131,27.2923,3.6244,34.8378,19.6190,0.0000,0.0000,0.0000,0.0000];	TopMembershipeconomyID6=[16.0480,10.6942,0.2713,7.5133,13.2828,0.0000,22.6831,271.9443,2.4186,0.0000,0.0000,0.0000,30.2840,5.2079,7.5662,12.8054,0.0000,0.0000,0.0000,0.0000];	TopMembershipeconomyID7=[0.0000,0.0000,20.0917,0.0000,0.0000,0.0000,11.7338,161.1978,0.0000,1.4158,0.0000,0.0000,27.4368,0.0000,0.0000,30.7190,0.0000,0.0000,0.0000,0.0000];	TopMembershipeconomyID8=[9.5084,5.0811,42.7344,11.0987,9.3335,4.4793,0.0000,187.0763,0.0000,0.0000,14.9860,0.0000,5.3206,0.0000,11.0522,0.0000,0.0000,0.7712,11.5579,0.0000];	TopMembershipeconomyID9=[0.0000,0.0000,36.9147,0.0000,0.0000,6.8294,0.0000,175.4213,0.0000,0.0000,0.0000,0.0000,2.4541,0.0000,52.3482,12.6203,0.7247,0.0000,3.8647,5.3808];	TopMembershipeconomyID10=[0.0000,0.0000,108.8699,0.0000,0.0000,0.0000,0.0000,295.7943,0.0000,5.5809,0.0000,0.0000,0.0000,0.0000,0.0000,37.5133,0.0000,43.4208,52.8703,0.0000];
it10000_economy = [TopMembershipeconomyID1; TopMembershipeconomyID2; TopMembershipeconomyID3; TopMembershipeconomyID4; TopMembershipeconomyID5; TopMembershipeconomyID6; TopMembershipeconomyID7; TopMembershipeconomyID8; TopMembershipeconomyID9; TopMembershipeconomyID10 ]

TopMembershipeducationID1=[0.0000,0.2209,0.0000,14.9210,2.7160,14.0990,0.0000,112.8162,4.9803,0.0000,33.8424,46.6083,0.0000,0.0000,512.2662,0.0000,32.9334,64.8606,127.4801,0.0000];	TopMembershipeducationID2=[6.1139,0.0000,0.0000,0.0000,0.0000,0.0000,1.6880,2.6817,0.0000,8.8608,0.0000,1.4880,0.0000,0.0000,80.1750,10.9237,4.5096,0.0000,9.7920,0.0000];	TopMembershipeducationID3=[0.0000,2.9149,1.4021,0.0000,0.0000,9.2573,0.0000,8.4406,7.8426,1.7719,0.0000,5.3168,2.0203,6.6723,85.2721,0.0000,1.6380,0.0000,4.9046,17.0475];	TopMembershipeducationID4=[0.0000,0.0000,5.4104,0.0000,0.0000,0.0000,0.0000,4.7546,0.0000,2.5069,0.0000,0.0000,0.0000,0.0000,69.9664,1.3328,0.0000,15.8696,27.0827,0.0000];	TopMembershipeducationID5=[0.0000,0.0000,0.8821,0.0000,0.0000,1.5792,1.7633,3.1756,1.0163,0.4931,0.0000,0.0000,0.0000,0.0000,40.1906,0.0000,0.0000,3.3177,13.4051,1.6673];	TopMembershipeducationID6=[0.0000,0.0000,7.9965,0.0000,0.0000,0.0000,3.6953,4.0692,0.0000,0.0000,0.0000,0.0000,0.4062,0.0000,36.2555,3.4992,0.6719,0.0000,4.7443,0.0000];	TopMembershipeducationID7=[0.0000,0.1032,1.1410,0.0000,0.0444,0.0000,2.0717,0.0724,0.0000,0.0000,0.0000,1.7228,0.0000,0.0000,13.3267,2.1700,0.3529,0.0000,0.0000,0.3502];	TopMembershipeducationID8=[0.0000,0.0000,0.5354,0.0000,0.0000,0.0000,0.5342,0.2036,0.0000,0.2686,0.5335,0.0000,0.0000,0.0000,9.7036,0.0000,1.0957,0.6330,0.6336,0.0000];	TopMembershipeducationID9=[2.9889,0.0000,3.6377,0.0000,0.0000,2.9013,0.0000,6.0931,0.0000,11.6846,0.0000,0.0000,0.0000,1.2558,56.4837,2.8513,0.0000,7.2481,9.8625,3.1728];	TopMembershipeducationID10=[0.0000,0.1087,0.6503,0.0000,0.0000,2.1143,0.0000,2.0145,0.9328,0.9464,0.0000,1.4751,0.0000,0.4796,18.4238,2.5823,0.2166,0.0000,0.0674,2.1264];
it10000_education = [TopMembershipeducationID1; TopMembershipeducationID2; TopMembershipeducationID3; TopMembershipeducationID4; TopMembershipeducationID5; TopMembershipeducationID6; TopMembershipeducationID7; TopMembershipeducationID8; TopMembershipeducationID9; TopMembershipeducationID10 ]

TopMembershipsportsID1=[0.0000,0.0000,0.0000,46.7231,2.4565,64.4159,0.0000,22.7382,20.0039,0.0000,107.8361,4.1647,5.0924,0.0000,112.2782,0.0000,114.4618,1092.7644,149.5787,20.1236];	TopMembershipsportsID2=[0.0000,0.0000,0.0000,0.0000,0.0000,0.0000,25.8189,0.0000,0.0000,49.8291,0.0000,26.8584,0.0000,0.0000,2.6074,0.0000,26.9461,388.6492,27.8257,2.5230];	TopMembershipsportsID3=[0.0000,0.0000,24.5109,0.0000,0.0000,0.0000,22.9934,0.0000,0.0000,2.1579,0.0000,0.0000,16.7854,0.0000,38.7994,3.4367,0.0000,243.7949,11.9509,0.0000];	TopMembershipsportsID4=[94.6343,114.7626,0.0000,65.1793,89.3755,159.5470,0.0000,6.5807,145.5472,31.6207,0.0000,112.8131,0.0000,138.7429,0.0000,0.0000,0.0000,1253.5094,53.2813,147.6241];	TopMembershipsportsID5=[2.6965,4.7863,0.0000,3.4910,4.0968,6.5071,5.9176,0.0000,5.8816,0.0000,0.2749,8.3231,0.0000,4.3776,25.0700,0.0000,0.7458,167.8358,1.4544,3.8873];	TopMembershipsportsID6=[0.0000,0.0000,0.0000,0.0000,0.0000,6.7069,0.0000,0.0000,2.6439,9.9239,0.0000,3.7672,0.0000,2.8923,0.8036,0.0292,2.4368,131.1553,5.4827,6.5240];	TopMembershipsportsID7=[0.0000,0.0000,0.0000,0.0000,0.0000,0.0000,20.8792,14.5386,0.5295,3.3204,0.0000,0.0000,0.0000,0.0000,0.0000,0.0000,17.2565,152.3875,1.9383,4.5110];	TopMembershipsportsID8=[0.0000,0.0000,0.0000,0.0000,0.0000,0.0000,112.0308,48.8500,0.0000,43.3290,0.0000,10.1470,0.0000,3.2347,45.0511,0.0000,11.8126,443.6986,56.7364,28.9930];	TopMembershipsportsID9=[0.0000,0.0000,0.0000,0.0000,0.0000,0.0000,48.3485,3.9166,0.0000,0.0000,39.2490,0.0000,0.6590,0.0000,139.8917,0.0000,44.2135,456.6727,61.5777,39.3173];	TopMembershipsportsID10=[5.9543,3.7808,1.4220,1.8148,3.2684,15.7493,0.0000,0.0000,5.5183,4.3621,0.0000,15.2796,0.0000,4.7931,0.0000,21.5668,0.0000,166.5884,0.0000,5.1345];
it10000_sports = [TopMembershipsportsID1; TopMembershipsportsID2; TopMembershipsportsID3; TopMembershipsportsID4; TopMembershipsportsID5; TopMembershipsportsID6; TopMembershipsportsID7; TopMembershipsportsID8; TopMembershipsportsID9; TopMembershipsportsID10 ]

