TopMembershipcrimeID1=[0.0000,0.0000,0.0000,0.0000,0.0000,0.0000,66.1529,0.0000,0.0000,0.0000,0.0000,0.0000,3.6058,0.0000,7.7876,0.0000,8.6977,4.9962,25.5731,0.0000];	TopMembershipcrimeID2=[0.0000,0.0000,17.6165,0.0000,0.0000,0.0000,85.6805,13.8913,0.0000,0.0000,0.0000,2.6614,4.1943,0.0000,27.3123,8.9180,11.9836,17.2579,1.0405,0.0000];	TopMembershipcrimeID3=[0.0000,21.2602,0.0000,0.0000,23.1492,0.0000,148.6804,0.0000,0.0000,0.0000,0.0000,18.8143,0.0000,0.0000,108.3320,17.9239,7.3927,0.0000,36.3387,0.0000];	TopMembershipcrimeID4=[0.0000,0.0000,8.9505,0.0000,0.0000,0.0000,37.5807,12.0455,0.0000,0.0000,0.0000,0.0000,2.9133,0.0000,11.1572,8.1161,4.3357,12.1876,0.0000,0.0000];	TopMembershipcrimeID5=[0.0000,2.0926,0.0000,0.7105,1.7137,0.0000,56.0887,0.0000,2.5380,0.0000,0.0000,7.4167,0.0000,0.0000,0.0000,0.0000,0.0000,0.0000,40.2397,0.0000];	TopMembershipcrimeID6=[0.0000,0.0000,0.3466,0.0000,0.0000,0.0000,15.0203,0.0000,0.0000,0.0000,0.0000,2.9555,0.0000,0.0000,0.0000,8.1561,0.0000,0.0000,4.5624,0.0000];	TopMembershipcrimeID7=[0.0000,0.0000,5.8047,0.0000,0.0000,0.0000,51.1121,1.2921,0.0000,0.0000,0.0000,0.0000,13.0955,0.0000,26.5119,0.0000,10.9065,0.0000,9.6844,0.0000];	TopMembershipcrimeID8=[0.0000,0.0000,3.0741,0.0000,0.0000,0.0000,19.9193,3.4925,0.0000,0.0000,0.0000,0.0000,4.4737,0.0000,5.9458,2.2475,1.0391,4.7479,1.1359,0.0000];	TopMembershipcrimeID9=[0.0000,0.0000,0.0000,0.0000,0.0000,2.4110,25.4334,0.0000,0.0000,0.0000,0.0000,2.7638,0.0000,0.0000,0.0000,0.0000,16.0338,0.0000,3.9359,1.5262];	TopMembershipcrimeID10=[0.0000,0.0000,6.3087,0.0000,0.0000,0.0000,21.0484,0.0000,0.0000,0.0000,0.0000,0.0000,0.2917,0.0000,6.8268,3.2891,1.1892,4.3591,6.9921,0.0000];	
it4000_crime = [TopMembershipcrimeID1; TopMembershipcrimeID2; TopMembershipcrimeID3; TopMembershipcrimeID4; TopMembershipcrimeID5; TopMembershipcrimeID6; TopMembershipcrimeID7; TopMembershipcrimeID8; TopMembershipcrimeID9; TopMembershipcrimeID10 ]

TopMembershipeconomyID1=[47.0423,161.1259,61.0597,155.0946,175.7991,81.0510,0.0000,0.0000,132.5443,0.0000,106.3301,454.1247,0.0000,91.8129,478.0086,0.0000,21.1958,0.0000,1.6106,91.8936];	TopMembershipeconomyID2=[0.0000,13.2192,6.0479,0.0000,7.3826,0.0000,0.0000,0.0000,16.3841,0.0000,0.0000,103.0327,35.5002,0.3845,0.0000,47.9018,0.0000,59.9646,99.2285,9.0521];	TopMembershipeconomyID3=[5.2781,2.8229,8.3919,0.0000,2.1116,0.0000,0.0000,1.8547,0.5990,4.6769,0.0000,16.0837,4.7755,1.0924,20.5256,17.5000,0.0000,0.0000,4.8431,0.0000];	TopMembershipeconomyID4=[13.6722,13.5744,11.7195,0.0000,11.7147,0.0000,12.3068,14.6336,0.0000,0.0000,0.0000,0.0000,29.9299,0.0000,0.0000,74.8041,0.0000,0.0000,4.9425,0.0000];	TopMembershipeconomyID5=[21.1181,15.2735,3.4947,1.2868,18.5164,0.0000,21.0007,26.5923,1.3618,1.4862,0.0000,36.0287,27.2810,2.9895,41.7821,19.9337,0.0000,0.0000,0.0000,0.0000];	TopMembershipeconomyID6=[15.6371,13.7736,0.0000,2.7572,15.6579,0.0000,14.8128,26.9940,4.7071,0.0000,0.0000,0.0000,29.1724,5.8558,12.7813,12.9889,0.0000,0.0000,0.0000,0.0000];	TopMembershipeconomyID7=[3.5442,4.1439,19.0787,0.0000,3.5501,0.0000,0.0000,27.2215,0.0000,0.0000,0.0000,0.0000,27.0440,0.0000,0.0000,30.8520,0.0000,0.0000,0.0000,0.0000];	TopMembershipeconomyID8=[1.3431,0.0000,41.9768,8.9786,3.0835,0.0000,0.0000,0.0000,0.0000,0.0000,15.8740,0.0000,6.9921,0.0000,14.5239,0.0000,0.0000,0.9684,11.2069,0.0000];	TopMembershipeconomyID9=[0.0000,0.0000,36.3931,0.0000,0.0000,0.0000,0.0000,3.7646,0.0000,0.0000,0.0000,0.0000,2.4783,0.0000,55.1341,12.9828,0.7231,0.0000,1.8389,4.4430];	TopMembershipeconomyID10=[0.0000,0.0000,114.5757,0.0000,0.0000,0.0000,0.0000,0.0000,0.0000,0.0000,9.8616,0.0000,0.0000,0.0000,0.0000,37.1996,0.0000,43.4562,81.9600,0.0000];
it4000_economy = [TopMembershipeconomyID1; TopMembershipeconomyID2; TopMembershipeconomyID3; TopMembershipeconomyID4; TopMembershipeconomyID5; TopMembershipeconomyID6; TopMembershipeconomyID7; TopMembershipeconomyID8; TopMembershipeconomyID9; TopMembershipeconomyID10 ]

TopMembershipeducationID1=[0.0000,0.0000,0.0000,18.1688,0.0000,0.0000,0.0000,0.0000,0.0000,0.0000,44.6051,46.7215,0.0000,0.0000,508.0376,0.0000,32.9317,65.1909,150.2511,0.0000];	TopMembershipeducationID2=[8.2223,1.9668,0.0000,0.0000,2.4235,0.0000,0.0000,0.0000,0.0000,9.0188,0.0000,1.5049,0.0000,0.0000,79.1170,10.7985,4.5130,0.0000,12.1115,0.0000];	TopMembershipeducationID3=[3.0150,9.1411,1.3995,0.0000,6.3251,14.4384,0.2716,0.0000,12.6990,0.0000,0.0000,5.3532,0.2837,11.1153,84.3092,0.0000,1.6388,0.0000,1.7276,17.3111];	TopMembershipeducationID4=[0.0000,0.0000,5.3566,0.0000,0.0000,0.0000,0.0000,0.0000,0.0000,1.9134,0.0000,0.0000,0.0986,0.0000,69.2199,1.3559,0.0000,15.9443,26.0846,0.0000];	TopMembershipeducationID5=[0.0000,0.4051,0.7063,0.3358,0.3059,0.0000,0.0000,0.0000,0.9831,0.0000,0.0213,0.0000,0.0000,0.0000,39.7953,0.0000,0.0000,3.4013,15.2716,0.8627];	TopMembershipeducationID6=[0.0000,0.0000,8.0894,0.0000,0.0000,0.0000,0.0000,0.7026,0.0000,0.0000,0.9631,0.0000,1.5906,0.0000,35.8920,3.5273,0.6714,0.0000,4.8749,0.0000];	TopMembershipeducationID7=[0.0000,0.6103,1.0573,0.0000,0.6314,0.2601,1.2681,2.8921,0.0000,0.0000,0.0000,1.7246,0.0000,0.0000,13.1595,2.1760,0.3531,0.0000,0.0000,0.0000];	TopMembershipeducationID8=[0.0000,0.0000,0.5650,0.0000,0.0000,0.0000,0.0000,0.0000,0.0000,0.1529,0.9246,0.0000,0.0000,0.0000,9.5823,0.0000,1.0956,0.6421,1.2730,0.0000];	TopMembershipeducationID9=[5.5512,0.0000,3.6696,0.0000,0.0000,0.2101,0.0000,0.0000,1.1112,11.7589,0.0000,0.0000,0.0678,2.4297,55.8647,2.8442,0.0000,7.2879,8.9358,3.2339];	TopMembershipeducationID10=[0.3680,1.2396,0.6672,0.0000,0.8705,1.3794,0.0000,0.0000,1.3255,0.0000,0.0000,1.4789,0.0000,1.0784,18.1974,2.5601,0.2168,0.0000,0.6238,1.6753];
it4000_education = [TopMembershipeducationID1; TopMembershipeducationID2; TopMembershipeducationID3; TopMembershipeducationID4; TopMembershipeducationID5; TopMembershipeducationID6; TopMembershipeducationID7; TopMembershipeducationID8; TopMembershipeducationID9; TopMembershipeducationID10 ]

TopMembershipsportsID1=[0.0000,0.0000,0.0000,61.8593,0.0000,0.0000,0.0000,0.0000,0.0000,0.0000,143.0536,4.5733,8.6027,0.0000,112.2382,0.0000,114.4515,1088.5142,123.6109,34.0267];	TopMembershipsportsID2=[0.0000,0.0000,0.0000,0.0000,0.0000,0.0000,0.0000,0.0000,0.0000,33.3968,0.0000,26.9550,0.0000,0.0000,3.1839,0.0000,26.9481,387.3608,34.9091,0.0000];	TopMembershipsportsID3=[0.0000,0.0000,23.8510,0.0000,0.0000,0.0000,0.0000,1.4202,0.0000,1.7633,0.0000,0.0000,19.0679,0.0000,38.4384,3.7291,0.0000,243.1820,10.0909,0.0000];	TopMembershipsportsID4=[150.5468,171.4576,0.0000,64.6657,154.9160,138.1075,0.0000,0.0000,169.1139,0.0000,0.0000,113.1744,0.0000,160.6886,0.0000,0.0000,0.0000,1248.3148,22.3452,141.0908];	TopMembershipsportsID5=[4.4500,6.7082,0.0000,3.0525,6.9384,3.3657,0.7462,0.0000,5.4634,0.0000,0.0000,8.4132,0.0000,4.5609,25.0675,0.0000,0.7449,167.3368,0.8506,2.2032];	TopMembershipsportsID6=[3.8624,1.5440,0.0000,0.0000,0.1508,5.0504,0.0000,0.0000,3.9193,7.4053,0.0000,3.7975,0.0000,4.6584,0.7959,0.0000,2.4369,130.6061,4.4813,5.6262];	TopMembershipsportsID7=[0.0000,2.9926,0.0000,0.0000,0.7710,5.5760,13.7941,0.0000,4.5867,0.0000,0.0000,0.0000,0.0000,3.0429,0.0000,0.0000,17.2577,151.9553,3.2754,2.3307];	TopMembershipsportsID8=[0.6370,1.1138,0.0000,0.0000,0.0000,19.3360,79.1757,0.0000,17.7613,20.5048,0.0000,10.4657,0.0000,15.4783,46.9015,0.0000,11.8171,443.0888,55.3136,24.6495];	TopMembershipsportsID9=[0.0000,0.0000,0.0000,0.0000,0.0000,7.4053,0.0000,0.0000,0.0000,0.0000,85.2023,0.0000,3.0553,0.0000,139.2480,0.0000,44.2031,455.7272,55.1933,46.1757];	TopMembershipsportsID10=[8.9541,7.0993,1.1363,0.5913,6.9434,4.5775,0.0000,7.2531,5.3725,2.9720,0.0000,15.3105,0.0000,6.2853,0.0000,21.4231,0.0000,165.7867,0.0000,4.4183];
it4000_sports = [TopMembershipsportsID1; TopMembershipsportsID2; TopMembershipsportsID3; TopMembershipsportsID4; TopMembershipsportsID5; TopMembershipsportsID6; TopMembershipsportsID7; TopMembershipsportsID8; TopMembershipsportsID9; TopMembershipsportsID10 ]

