TopMembershipcrimeID1=[0.0000,8.2413,0.0000,0.0000,7.2509,0.0000,68.3926,4.0453,0.0000,0.0000,0.0000,0.0000,2.7462,0.0000,9.3185,0.0000,8.7022,5.0434,3.8298,0.0000];	TopMembershipcrimeID2=[0.0000,0.0000,19.8935,0.0000,5.9387,0.0000,93.1586,0.0000,0.0000,0.0000,0.0000,2.5403,8.7301,0.0000,31.8515,8.4975,11.9850,17.1047,0.0000,0.0000];	TopMembershipcrimeID3=[0.0000,79.2120,4.5292,0.0000,86.5607,0.0000,157.4969,0.0000,0.0000,0.0000,0.0000,18.5766,0.0000,0.0000,102.5951,16.8146,7.3922,0.0000,0.0000,0.0000];	TopMembershipcrimeID4=[0.0000,0.0000,9.8180,0.0000,2.6088,0.0000,41.4181,0.0000,0.0000,0.0000,0.0000,0.0000,5.7952,0.0000,14.7342,7.9516,4.3367,12.1147,0.0000,0.0000];	TopMembershipcrimeID5=[0.8401,11.6405,0.0000,0.0000,13.5453,0.0000,56.5435,0.0000,5.0431,0.0000,0.0000,7.4062,0.0000,0.5113,0.0000,0.0000,0.0000,0.0000,0.0000,0.0000];	TopMembershipcrimeID6=[0.0000,2.5409,0.4321,0.0000,4.4805,0.0000,15.4249,0.0000,0.0000,0.0000,0.0000,2.9444,0.0000,0.0000,0.0000,8.1150,0.0000,0.0000,0.0000,0.0000];	TopMembershipcrimeID7=[0.0000,0.6192,6.9348,0.0000,4.3796,0.0000,55.2687,2.3253,0.0000,0.0000,0.0000,0.0000,14.6928,0.0000,27.5368,0.0000,10.9061,0.0000,0.0000,0.0000];	TopMembershipcrimeID8=[0.0000,1.2503,3.5214,0.0000,3.0275,0.0000,21.4713,0.3256,0.0000,0.0000,0.0000,0.0000,5.4754,0.0000,6.8488,2.1632,1.0393,4.7186,0.0000,0.0000];	TopMembershipcrimeID9=[0.0000,6.3952,0.0000,0.0000,0.2949,5.6792,25.2620,0.0000,2.9307,0.0000,0.0000,2.7601,0.0000,0.0000,0.0000,0.0000,16.0373,0.0000,0.0000,0.0000];	TopMembershipcrimeID10=[0.0000,0.0000,6.7494,0.0000,0.0000,0.0000,23.1525,0.0000,0.0000,0.0000,0.0000,0.0000,1.0879,0.0000,8.9153,3.2165,1.1897,4.3348,0.0000,0.0000];	
it900_crime = [TopMembershipcrimeID1; TopMembershipcrimeID2; TopMembershipcrimeID3; TopMembershipcrimeID4; TopMembershipcrimeID5; TopMembershipcrimeID6; TopMembershipcrimeID7; TopMembershipcrimeID8; TopMembershipcrimeID9; TopMembershipcrimeID10 ]

TopMembershipeconomyID1=[26.9913,171.0418,76.7098,63.0063,180.9721,69.2199,1.0074,0.0000,57.6851,0.0000,70.7141,453.9687,0.0000,102.6795,412.8995,0.0000,21.1438,0.0000,20.1144,152.5466];	TopMembershipeconomyID2=[0.0000,25.8630,5.6635,0.0000,18.4510,0.0000,0.0492,11.8332,15.1827,0.0000,0.0000,103.0665,33.3462,1.4416,0.0000,48.0607,0.0000,60.0706,13.9526,5.2113];	TopMembershipeconomyID3=[9.4452,5.7165,8.7511,0.0000,10.4099,0.0000,0.0000,0.0000,0.0763,2.8063,0.0000,16.0690,6.8058,3.4355,17.9952,17.4583,0.0000,0.0000,0.0000,0.0000];	TopMembershipeconomyID4=[23.3288,32.7154,12.7207,0.0000,47.9563,0.0000,14.8688,5.9458,6.2799,0.0000,0.0000,0.0000,38.5643,0.7254,0.0000,74.5525,0.0000,0.0000,9.5624,0.0000];	TopMembershipeconomyID5=[24.4475,19.1226,4.9450,0.0000,31.7521,0.0000,24.0141,12.8643,0.0000,4.6146,0.0000,35.9692,33.7927,4.2498,37.5781,19.6659,0.0000,0.0000,10.6651,0.0000];	TopMembershipeconomyID6=[14.6764,15.0779,0.0000,0.0000,20.1137,0.0000,16.8080,21.0487,3.3930,2.3362,0.0000,0.0000,33.8652,4.8130,10.7104,12.8261,0.0000,0.0000,15.8832,0.0000];	TopMembershipeconomyID7=[4.4675,9.0331,19.9631,0.0000,11.9885,0.0000,1.4451,17.1008,0.8738,0.0000,0.0000,0.0000,31.4911,0.0000,0.0000,30.6959,0.0000,0.0000,9.8622,0.0000];	TopMembershipeconomyID8=[0.0000,0.0000,43.7550,4.5075,0.3429,0.0000,0.0000,0.0000,0.0000,0.0000,16.4333,0.0000,9.0875,0.0000,16.1144,0.0000,0.0000,0.9584,0.0000,0.7433];	TopMembershipeconomyID9=[0.0000,0.0000,37.5479,0.0000,0.0000,0.0000,0.0000,0.0000,0.0000,0.0000,0.0000,0.0000,3.7719,0.0000,50.6952,12.8697,0.7141,0.0000,0.0000,10.5882];	TopMembershipeconomyID10=[0.0000,0.0000,107.7222,0.0000,0.0000,0.0000,0.0000,0.0000,0.0000,0.0000,42.5628,0.0000,0.0000,0.0000,34.7652,38.9238,0.0000,43.7187,0.0000,0.0000];
it900_economy = [TopMembershipeconomyID1; TopMembershipeconomyID2; TopMembershipeconomyID3; TopMembershipeconomyID4; TopMembershipeconomyID5; TopMembershipeconomyID6; TopMembershipeconomyID7; TopMembershipeconomyID8; TopMembershipeconomyID9; TopMembershipeconomyID10 ]

TopMembershipeducationID1=[0.0000,0.0000,0.0000,0.0000,22.1262,0.0000,0.0000,0.0000,0.0000,0.0000,44.5755,46.6074,0.0000,0.0000,467.2631,0.0000,32.8795,65.7436,0.0000,2.4968];	TopMembershipeducationID2=[18.4873,5.4061,0.0000,0.0000,17.4731,0.0000,0.0000,0.0000,0.0000,4.3600,0.0000,1.4730,0.0000,4.4027,71.7690,10.8510,4.5039,0.0000,0.0000,0.0000];	TopMembershipeducationID3=[9.8186,10.8472,1.9771,0.0000,10.3395,20.3328,0.0000,4.5016,4.6493,0.0000,0.0000,5.3334,0.0000,18.3533,72.6597,0.0000,1.6284,0.0000,11.2800,20.7085];	TopMembershipeducationID4=[1.4815,0.0000,4.8403,0.0000,0.0000,0.0000,0.0000,0.0000,0.0000,0.0000,0.0000,0.0000,0.0000,0.0000,64.0130,1.4930,0.0000,16.0259,0.0000,0.7299];	TopMembershipeducationID5=[3.3334,2.1573,0.8000,0.0000,5.5791,0.5074,0.1103,0.0000,0.0000,0.0000,0.0000,0.0000,0.0000,2.9452,36.0305,0.0000,0.0000,3.4437,0.0000,2.1332];	TopMembershipeducationID6=[0.0000,0.0000,7.8545,0.0000,0.0000,0.0000,0.0000,0.5998,0.0000,0.0000,2.0337,0.0000,0.9743,0.0000,34.6770,3.5986,0.6673,0.0000,0.0000,0.0000];	TopMembershipeducationID7=[0.0000,2.0036,1.1028,0.0000,2.0953,0.4603,1.2790,0.0000,0.0000,0.0000,0.0000,1.7172,0.0000,0.0000,12.1207,2.1632,0.3510,0.0000,0.5187,0.8689];	TopMembershipeducationID8=[0.0000,0.0000,0.4979,0.0000,0.0000,0.0000,0.0000,0.0000,0.0000,0.0000,1.1432,0.0000,0.0000,0.0000,9.0355,0.0000,1.0944,0.6478,0.0000,0.0065];	TopMembershipeducationID9=[12.0218,0.0000,3.5405,0.0000,2.7610,3.3244,0.0000,0.0000,0.0000,9.3943,0.0000,0.0000,0.0000,6.9872,49.9120,2.8828,0.0000,7.3229,0.0000,5.5795];	TopMembershipeducationID10=[2.1965,2.1530,0.6795,0.0000,3.1848,1.9402,0.0000,0.0000,0.0000,0.0000,0.0000,1.4741,0.0000,2.6896,16.1512,2.5535,0.2144,0.0000,0.0000,2.6457];
it900_education = [TopMembershipeducationID1; TopMembershipeducationID2; TopMembershipeducationID3; TopMembershipeducationID4; TopMembershipeducationID5; TopMembershipeducationID6; TopMembershipeducationID7; TopMembershipeducationID8; TopMembershipeducationID9; TopMembershipeducationID10 ]

TopMembershipsportsID1=[0.0000,0.0000,0.0000,84.5495,0.0000,29.8492,0.0000,26.0159,0.0000,0.0000,155.7783,4.7058,0.0000,0.0000,117.8609,0.0000,114.4238,1088.5656,0.0000,27.6481];	TopMembershipsportsID2=[0.0000,0.0000,0.0000,0.0000,0.0000,0.0000,0.0000,0.0000,0.0000,12.9460,0.0000,26.9429,0.0000,0.0000,5.6119,0.0000,26.9435,387.2777,0.0000,0.0000];	TopMembershipsportsID3=[0.0000,0.0000,22.8927,0.0000,0.0000,0.0000,0.0000,18.2885,0.0000,0.0000,0.0000,0.0000,16.4377,0.0000,39.6787,4.0679,0.0000,243.1194,0.0000,0.0000];	TopMembershipsportsID4=[173.2531,213.9209,0.0000,33.5928,233.5104,108.3268,0.0000,0.0000,192.4054,2.4489,0.0000,113.2176,0.0000,174.2951,0.0000,0.0000,0.0000,1247.6680,51.7363,153.2077];	TopMembershipsportsID5=[6.6653,9.1138,0.0000,0.0000,12.6711,0.1063,2.3021,0.0000,3.5257,0.0000,0.0000,8.3887,0.0000,6.4267,21.8487,0.0000,0.7415,167.2208,0.0000,5.5971];	TopMembershipsportsID6=[6.4320,1.9831,0.0000,0.0000,2.7782,3.2955,0.0000,0.0000,4.9194,6.3888,0.0000,3.7983,0.0000,5.8785,0.0000,0.0193,2.4356,130.5527,0.0000,5.6929];	TopMembershipsportsID7=[1.4444,10.2370,0.0000,0.0000,10.0911,4.2079,14.4944,0.0000,8.1334,0.0000,0.0000,0.0000,0.0000,5.8114,0.0000,0.0000,17.2580,151.8875,0.0000,1.0079];	TopMembershipsportsID8=[24.3905,18.8396,0.0000,0.0000,19.3988,28.5585,83.1540,0.0000,22.3480,2.2854,0.0000,10.3947,0.0000,31.4148,35.9330,0.0000,11.8128,442.9071,0.0000,16.8939];	TopMembershipsportsID9=[0.0000,0.0000,0.0000,41.6934,0.0000,57.4073,0.0000,75.4233,0.0000,0.0000,107.8402,0.0000,0.0000,0.0000,144.1819,0.0000,44.1649,455.8104,0.0000,26.0343];	TopMembershipsportsID10=[8.6003,6.6674,0.7284,0.0000,9.3055,0.0000,0.0000,0.0000,6.2932,4.9948,0.0000,15.3156,0.2744,5.3573,0.0000,21.5236,0.0000,165.6932,0.0000,7.8467];
it900_sports = [TopMembershipsportsID1; TopMembershipsportsID2; TopMembershipsportsID3; TopMembershipsportsID4; TopMembershipsportsID5; TopMembershipsportsID6; TopMembershipsportsID7; TopMembershipsportsID8; TopMembershipsportsID9; TopMembershipsportsID10 ]

