TopMembershipcrimeID1=[0.0000,0.0000,0.0000,0.0000,0.0000,0.0000,71.2599,0.0000,0.0000,0.0000,0.0000,0.0000,0.6181,0.0000,7.4302,0.0000,8.6936,5.1335,23.8374,0.0000];	TopMembershipcrimeID2=[0.0000,0.0000,21.8675,0.0000,0.0000,0.0000,95.5475,0.0000,0.0000,0.0000,0.0000,2.3731,1.9238,0.0000,27.2809,7.8753,11.9798,17.3738,0.0000,0.0000];	TopMembershipcrimeID3=[0.0000,1.1998,7.5559,0.0000,2.2254,0.0000,165.6778,0.0000,0.0000,0.0000,0.0000,18.3909,0.0000,0.0000,108.1954,16.7412,7.3823,0.0000,19.6547,0.0000];	TopMembershipcrimeID4=[0.0000,0.0000,11.1342,0.0000,0.0000,0.0000,42.2665,0.0000,0.0000,0.0000,0.0000,0.0000,1.6511,0.0000,11.1225,7.6622,4.3337,12.3075,0.0000,0.0000];	TopMembershipcrimeID5=[0.0000,0.7177,0.0000,0.0000,0.0000,0.0000,58.7598,7.9570,0.5066,0.0000,0.0000,7.2760,0.0000,0.0000,0.0000,0.0000,0.0000,0.0000,37.3560,0.0000];	TopMembershipcrimeID6=[0.0000,0.0000,1.1248,0.0000,0.0000,0.0000,16.1860,0.0000,0.0000,0.0000,0.0000,2.9120,0.0000,0.0000,0.0000,8.1596,0.0000,0.0000,1.3728,0.0000];	TopMembershipcrimeID7=[0.0000,0.0000,8.3541,0.0000,0.0000,0.0000,57.0206,0.0000,0.0000,0.0000,0.0000,0.0000,11.2374,0.0000,26.4689,0.0000,10.9034,0.0000,8.1575,0.0000];	TopMembershipcrimeID8=[0.0000,0.0000,4.0497,0.0000,0.0000,0.0000,22.0311,0.0000,0.0000,0.0000,0.0000,0.0000,3.9132,0.0000,5.9423,2.0396,1.0380,4.7880,0.0000,0.0000];	TopMembershipcrimeID9=[0.0000,0.0000,0.0000,0.0000,0.0000,0.7824,27.0373,0.0000,0.0000,0.0000,0.0000,2.6988,0.0000,0.0000,0.0000,0.0000,16.0357,0.0000,0.0000,5.1215];	TopMembershipcrimeID10=[0.0000,0.0000,7.4845,0.0000,0.0000,0.0000,24.2669,0.0000,0.0000,0.0000,0.0000,0.0000,0.0000,0.0000,6.7794,2.9916,1.1879,4.4061,4.0674,0.0000];	
it7000_crime = [TopMembershipcrimeID1; TopMembershipcrimeID2; TopMembershipcrimeID3; TopMembershipcrimeID4; TopMembershipcrimeID5; TopMembershipcrimeID6; TopMembershipcrimeID7; TopMembershipcrimeID8; TopMembershipcrimeID9; TopMembershipcrimeID10 ]

TopMembershipeconomyID1=[87.9210,170.2821,76.4547,176.5167,182.0069,201.2608,45.2431,3201.1852,157.8849,0.0000,133.6418,454.4881,0.0000,127.1875,422.3155,0.0000,21.1916,0.0000,42.5617,80.8744];	TopMembershipeconomyID2=[0.0000,0.0000,9.9014,0.0000,0.0000,18.9527,14.2111,717.9527,0.0000,0.0000,0.0000,103.0244,29.5706,0.0000,0.0000,48.0655,0.0000,59.5823,123.7433,1.6706];	TopMembershipeconomyID3=[2.6122,0.0000,9.8863,0.0000,0.0000,5.0325,0.0000,297.0796,0.0000,6.3803,0.0000,16.0782,4.8892,0.1980,15.2874,17.3923,0.0000,0.0000,8.5610,0.0000];	TopMembershipeconomyID4=[1.6976,0.0000,16.4790,0.0000,0.0000,0.0000,23.6042,386.5950,0.0000,6.2657,0.0000,0.0000,29.3276,0.0000,0.0000,75.1598,0.0000,0.0000,12.4308,0.0000];	TopMembershipeconomyID5=[20.9677,12.4255,7.7458,7.3899,16.6999,0.0000,29.7440,375.4081,0.9653,0.0000,0.0000,35.9625,28.2692,3.9713,34.9103,19.4924,0.0000,0.0000,0.0000,0.0000];	TopMembershipeconomyID6=[15.3087,11.4582,1.6597,7.0880,14.0393,2.3332,20.6320,271.8786,3.9470,0.0000,0.0000,0.0000,30.7453,5.8537,7.6898,12.7506,0.0000,0.0000,0.0000,0.0000];	TopMembershipeconomyID7=[0.0000,0.0000,20.6470,0.0000,0.0000,0.0000,5.0279,161.1721,0.0000,0.7588,0.0000,0.0000,28.2053,0.0000,0.0000,30.7288,0.0000,0.0000,0.0000,0.0000];	TopMembershipeconomyID8=[6.5318,3.1629,40.8499,10.3741,7.7333,0.0000,0.0000,187.2005,0.0000,0.0000,15.1150,0.0000,6.0764,0.0000,11.2737,0.0000,0.0000,0.9562,11.5819,0.0000];	TopMembershipeconomyID9=[0.0000,0.0000,36.4189,0.0000,0.0000,7.4095,0.0000,175.4059,0.0000,0.0000,0.0000,0.0000,2.7580,0.0000,52.4062,12.3989,0.7229,0.0000,3.9126,4.2361];	TopMembershipeconomyID10=[0.0000,0.0000,109.1902,0.0000,0.0000,0.0000,0.0000,295.8969,0.0000,16.0095,0.0000,0.0000,0.0000,0.0000,0.0000,36.3264,0.0000,44.2608,53.0163,0.0000];
it7000_economy = [TopMembershipeconomyID1; TopMembershipeconomyID2; TopMembershipeconomyID3; TopMembershipeconomyID4; TopMembershipeconomyID5; TopMembershipeconomyID6; TopMembershipeconomyID7; TopMembershipeconomyID8; TopMembershipeconomyID9; TopMembershipeconomyID10 ]

TopMembershipeducationID1=[0.0000,0.0000,0.0000,13.9604,0.0000,0.2476,0.0000,112.8295,0.0000,0.0000,35.9619,46.8478,0.0000,0.0000,511.3053,0.0000,32.9298,65.0670,127.5838,0.0000];	TopMembershipeducationID2=[5.4987,0.0000,0.0000,0.0000,0.0000,0.0000,0.0000,2.7192,0.0000,8.8850,0.0000,1.5191,0.0000,0.0000,80.0037,11.0430,4.5101,0.0000,9.7929,0.0000];	TopMembershipeducationID3=[0.0000,4.6349,0.8538,0.0000,1.3461,15.0813,0.0745,8.3652,9.2537,0.0000,0.0000,5.3701,1.1659,8.4958,85.1272,0.0000,1.6389,0.0000,4.9267,17.0555];	TopMembershipeducationID4=[0.0000,0.0000,5.5082,0.0000,0.0000,0.0000,0.0000,4.7639,0.0000,2.6978,0.0000,0.0000,0.0000,0.0000,69.9129,1.2714,0.0000,15.9468,27.1157,0.0000];	TopMembershipeducationID5=[0.0000,0.0000,0.9389,0.0000,0.0000,1.8601,1.0896,3.1719,0.7980,0.1857,0.0000,0.0000,0.0000,0.1181,40.1504,0.0000,0.0000,3.3701,13.4126,1.3333];	TopMembershipeducationID6=[0.0000,0.0000,8.1516,0.0000,0.0000,0.0000,0.0000,4.0745,0.0000,0.0000,0.0000,0.0000,0.8826,0.0000,36.2188,3.4084,0.6716,0.0000,4.7423,0.0000];	TopMembershipeducationID7=[0.0000,0.2241,1.1492,0.0000,0.1940,0.0000,1.5922,0.0753,0.0310,0.0000,0.0000,1.7237,0.0000,0.0000,13.2945,2.1797,0.3530,0.0000,0.0000,0.2402];	TopMembershipeducationID8=[0.0000,0.0000,0.5681,0.0000,0.0000,0.0000,0.0000,0.2051,0.0000,0.3580,0.6225,0.0000,0.0000,0.0000,9.6845,0.0000,1.0957,0.6464,0.6332,0.0000];	TopMembershipeducationID9=[3.6326,0.0000,3.5950,0.0000,0.0000,2.9341,0.0000,6.0745,0.0000,11.3851,0.0000,0.0000,0.0000,1.7902,56.4156,2.8446,0.0000,7.2512,9.8850,2.8952];	TopMembershipeducationID10=[0.0000,0.3856,0.6371,0.0000,0.0000,1.8752,0.0000,2.0087,0.9516,0.5134,0.0000,1.4874,0.0000,0.7740,18.3877,2.6045,0.2167,0.0000,0.0740,1.9757];	
it7000_education = [TopMembershipeducationID1; TopMembershipeducationID2; TopMembershipeducationID3; TopMembershipeducationID4; TopMembershipeducationID5; TopMembershipeducationID6; TopMembershipeducationID7; TopMembershipeducationID8; TopMembershipeducationID9; TopMembershipeducationID10 ]

TopMembershipsportsID1=[0.0000,0.0000,0.0000,47.9146,0.0000,66.7765,0.0000,22.1673,10.3251,0.0000,116.6331,4.8708,3.3736,0.0000,113.6436,0.0000,114.4474,1088.4424,149.8908,21.3106];	TopMembershipsportsID2=[0.0000,0.0000,0.0000,0.0000,0.0000,12.4243,6.7841,0.0000,0.0000,48.1139,0.0000,26.8529,0.0000,0.0000,2.8427,0.0000,26.9401,387.1165,27.7506,1.1216];	TopMembershipsportsID3=[0.0000,0.0000,25.1134,0.0000,0.0000,0.0000,7.0301,0.0000,0.0000,3.2507,0.0000,0.0000,17.7631,0.0000,39.1379,3.0661,0.0000,243.3658,11.9110,0.0000];	TopMembershipsportsID4=[123.8151,127.8302,0.0000,69.0210,106.4646,223.3225,11.3614,5.5614,152.4234,7.7070,0.0000,113.3079,0.0000,156.6992,0.0000,0.0000,0.0000,1246.3540,53.5529,138.5540];	TopMembershipsportsID5=[4.4129,5.0798,0.0000,3.4688,4.7527,14.9149,6.2602,0.0000,6.1328,0.0000,0.0000,8.3994,0.0000,6.0079,25.2163,0.0000,0.7416,167.1449,1.4498,2.7334];	TopMembershipsportsID6=[1.9847,0.0000,0.0000,0.0000,0.0000,13.0113,0.0000,0.0000,2.9345,9.0174,0.0000,3.8055,0.0000,4.4817,0.8843,0.0000,2.4342,130.4891,5.4995,5.8618];	TopMembershipsportsID7=[0.0000,0.0000,0.0000,0.0000,0.0000,12.1923,19.0655,14.4065,2.5513,1.3773,0.0000,0.0000,0.0000,1.7144,0.0000,0.0000,17.2540,151.8259,1.8917,3.9469];	TopMembershipsportsID8=[0.0000,0.0000,0.0000,0.0000,0.0000,46.8922,101.2444,48.3433,7.0947,37.7207,0.0000,10.1659,0.0000,9.9055,45.5009,0.0000,11.8054,442.3897,56.5409,28.0377];	TopMembershipsportsID9=[0.0000,0.0000,0.0000,0.0000,0.0000,24.4063,17.1333,3.3950,0.0000,0.0000,50.1721,0.0000,0.0000,0.0000,140.5302,0.0000,44.2133,455.6349,61.5502,44.4770];	TopMembershipsportsID10=[7.7849,4.6641,2.7769,2.2371,4.6628,13.5243,0.0000,0.0000,4.8791,3.3979,0.0000,15.3756,0.0000,6.6170,0.0000,21.5465,0.0000,165.7076,0.0000,3.9129];
it7000_sports = [TopMembershipsportsID1; TopMembershipsportsID2; TopMembershipsportsID3; TopMembershipsportsID4; TopMembershipsportsID5; TopMembershipsportsID6; TopMembershipsportsID7; TopMembershipsportsID8; TopMembershipsportsID9; TopMembershipsportsID10 ]

