TopMembershipcrimeID1=[0.0000,0.0000,0.0000,0.0000,0.0000,0.0000,66.1860,13.6584,0.0000,0.0000,0.0000,0.0000,3.9079,0.0000,7.7789,0.0000,8.6965,4.9773,25.1552,0.0000];	TopMembershipcrimeID2=[0.0000,0.0000,17.2702,0.0000,0.0000,0.0000,85.5939,0.0000,0.0000,0.0000,0.0000,2.6433,4.2935,0.0000,27.3079,8.6421,11.9832,17.2481,0.0000,0.0000];	TopMembershipcrimeID3=[0.0000,14.9892,0.5794,0.0000,16.8643,0.0000,149.2112,17.8165,0.0000,0.0000,0.0000,18.7810,0.0000,0.0000,108.3135,18.0851,7.3896,0.0000,30.4734,0.0000];	TopMembershipcrimeID4=[0.0000,0.0000,9.0207,0.0000,0.0000,0.0000,37.5216,0.0000,0.0000,0.0000,0.0000,0.0000,2.9176,0.0000,11.1561,8.0332,4.3353,12.1825,0.0000,0.0000];	TopMembershipcrimeID5=[0.0000,1.3132,0.0000,0.8096,1.5895,0.0000,56.0670,36.6804,0.2640,0.0000,0.0000,7.4060,0.0000,0.0000,0.0000,0.0000,0.0000,0.0000,41.0983,0.0000];	TopMembershipcrimeID6=[0.0000,0.0000,0.8528,0.0000,0.0000,0.0000,15.0783,1.9416,0.0000,0.0000,0.0000,2.9509,0.0000,0.0000,0.0000,8.2780,0.0000,0.0000,3.3515,0.0000];	TopMembershipcrimeID7=[0.0000,0.0000,5.4527,0.0000,0.0000,0.0000,51.1549,0.0000,0.0000,0.0000,0.0000,0.0000,13.2475,0.0000,26.5078,0.0000,10.9063,0.0000,7.9487,0.0000];	TopMembershipcrimeID8=[0.0000,0.0000,3.0635,0.0000,0.0000,0.0000,19.9284,0.0000,0.0000,0.0000,0.0000,0.0000,4.5207,0.0000,5.9438,2.2078,1.0389,4.7448,0.0911,0.0000];	TopMembershipcrimeID9=[0.0000,0.0000,0.0000,0.0000,0.0000,2.5839,25.4782,13.2500,0.0000,0.0000,0.0000,2.7602,0.0000,0.0000,0.0000,0.0000,16.0335,0.0000,2.4810,1.2530];	TopMembershipcrimeID10=[0.0000,0.0000,6.1947,0.0000,0.0000,0.0000,21.0544,0.0000,0.0000,0.0000,0.0000,0.0000,0.3454,0.0000,6.8251,3.1923,1.1891,4.3564,5.2621,0.0000];	
it5000_crime = [TopMembershipcrimeID1; TopMembershipcrimeID2; TopMembershipcrimeID3; TopMembershipcrimeID4; TopMembershipcrimeID5; TopMembershipcrimeID6; TopMembershipcrimeID7; TopMembershipcrimeID8; TopMembershipcrimeID9; TopMembershipcrimeID10 ]

TopMembershipeconomyID1=[58.0144,162.2849,54.9659,158.4793,178.0535,90.1069,2.2281,22.0369,134.3286,0.0000,110.2959,454.2448,0.0000,97.1527,477.8423,0.0000,21.2007,0.0000,16.5965,91.5917];	TopMembershipeconomyID2=[0.0000,12.1773,9.1011,0.0000,8.9451,0.2842,0.8301,64.4862,10.5174,0.0000,0.0000,103.0327,36.3166,0.9569,0.0000,48.4701,0.0000,59.9531,109.5321,2.2985];	TopMembershipeconomyID3=[5.0698,2.4187,9.1994,0.0000,2.0368,0.0000,0.0000,0.0000,0.1799,4.4799,0.0000,16.0868,4.7984,1.0710,20.5071,17.5704,0.0000,0.0000,5.4145,0.0000];	TopMembershipeconomyID4=[11.1203,10.1165,16.0040,0.0000,8.5953,0.0000,13.3533,0.0000,0.0000,0.0000,0.0000,0.0000,30.3250,0.0000,0.0000,75.7390,0.0000,0.0000,5.2190,0.0000];	TopMembershipeconomyID5=[19.3011,13.3697,4.8026,0.7470,16.2692,0.0000,21.8801,0.0000,0.9486,2.1414,0.0000,36.0315,27.3490,2.5278,41.7540,20.1224,0.0000,0.0000,0.0000,0.0000];	TopMembershipeconomyID6=[14.6083,12.6176,0.0000,2.6803,14.2466,0.0000,15.4507,0.0000,4.7766,0.0000,0.0000,0.0000,29.1613,5.5826,12.7582,13.1931,0.0000,0.0000,0.0000,0.0000];	TopMembershipeconomyID7=[2.7113,3.2247,20.1417,0.0000,2.5418,0.0000,0.4312,0.0000,0.0000,0.0000,0.0000,0.0000,27.0401,0.0000,0.0000,30.9122,0.0000,0.0000,0.0000,0.0000];	TopMembershipeconomyID8=[1.6594,0.0000,39.1134,7.8976,3.2863,0.0000,0.0000,0.0000,0.0000,0.0000,15.1704,0.0000,7.0648,0.0000,14.5182,0.0000,0.0000,0.9933,10.3661,0.0000];	TopMembershipeconomyID9=[0.0000,0.0000,35.3615,0.0000,0.0000,0.0000,0.0000,0.0000,0.0000,0.0000,0.0000,0.0000,2.4206,0.0000,55.1248,12.3751,0.7241,0.0000,1.8848,4.7269];	TopMembershipeconomyID10=[0.0000,0.0000,110.7096,0.0000,0.0000,0.0000,0.0000,8.9923,0.0000,7.1730,4.1211,0.0000,0.0000,0.0000,0.0000,35.3383,0.0000,43.4939,66.3306,0.0000];
it5000_economy = [TopMembershipeconomyID1; TopMembershipeconomyID2; TopMembershipeconomyID3; TopMembershipeconomyID4; TopMembershipeconomyID5; TopMembershipeconomyID6; TopMembershipeconomyID7; TopMembershipeconomyID8; TopMembershipeconomyID9; TopMembershipeconomyID10 ]

TopMembershipeducationID1=[0.0000,0.0000,0.0000,16.0078,0.0000,0.0000,0.0000,136.3017,0.0000,0.0000,42.7498,46.7282,0.0000,0.0000,508.1054,0.0000,32.9314,65.2122,148.3899,0.0000];	TopMembershipeducationID2=[7.1671,0.9954,0.0000,0.0000,1.5839,0.0000,0.0000,5.7455,0.0000,9.3122,0.0000,1.5010,0.0000,0.0000,79.1234,11.0414,4.5119,0.0000,11.3326,0.0000];	TopMembershipeducationID3=[3.8598,9.5981,1.2564,0.6700,7.2145,14.9336,0.3753,10.8115,12.6075,0.0000,0.0000,5.3550,0.4198,11.2050,84.3184,0.0000,1.6390,0.0000,4.0697,16.7727];	TopMembershipeducationID4=[0.0000,0.0000,5.2053,0.0000,0.0000,0.0000,0.0000,16.4213,0.0000,1.5414,0.0000,0.0000,0.2599,0.0000,69.2243,1.2399,0.0000,15.9463,26.8924,0.0000];	TopMembershipeducationID5=[0.0000,0.3749,0.6191,0.4014,0.5136,0.0000,0.0140,14.8421,0.3399,0.0000,0.0399,0.0000,0.0000,0.0000,39.7999,0.0000,0.0000,3.4034,15.3366,0.1591];	TopMembershipeducationID6=[0.0000,0.0000,7.8695,0.0000,0.0000,0.0000,0.0000,0.0000,0.0000,0.0000,0.6122,0.0000,1.5171,0.0000,35.8962,3.4110,0.6716,0.0000,4.2970,0.0000];	TopMembershipeducationID7=[0.0000,0.5539,1.1576,0.0000,0.5633,0.0000,1.3526,0.0000,0.0972,0.0000,0.0000,1.7244,0.0000,0.0000,13.1584,2.1849,0.3530,0.0000,0.0000,0.0103];	TopMembershipeducationID8=[0.0000,0.0000,0.5221,0.0000,0.0000,0.0000,0.0000,0.9381,0.0000,0.2306,0.8692,0.0000,0.0000,0.0000,9.5832,0.0000,1.0957,0.6421,1.0309,0.0000];	TopMembershipeducationID9=[5.5004,0.0000,3.6784,0.0000,0.0000,0.6674,0.0000,7.6159,0.7994,11.2575,0.0000,0.0000,0.1444,2.4592,55.8699,2.8045,0.0000,7.2891,9.6371,2.7664];	TopMembershipeducationID10=[0.4073,1.2140,0.8048,0.0000,0.8944,1.3529,0.0000,1.9920,1.2956,0.0000,0.0000,1.4792,0.0000,1.0586,18.1993,2.5880,0.2167,0.0000,0.5798,1.6513];
it5000_education = [TopMembershipeducationID1; TopMembershipeducationID2; TopMembershipeducationID3; TopMembershipeducationID4; TopMembershipeducationID5; TopMembershipeducationID6; TopMembershipeducationID7; TopMembershipeducationID8; TopMembershipeducationID9; TopMembershipeducationID10 ]

TopMembershipsportsID1=[0.0000,0.0000,0.0000,64.3902,0.0000,11.2260,0.0000,87.1085,0.0000,0.0000,141.4860,4.6231,7.7977,0.0000,112.2156,0.0000,114.4474,1088.5040,134.8295,28.4407];	TopMembershipsportsID2=[0.0000,0.0000,0.0000,0.0000,0.0000,0.0000,0.0000,31.3839,0.0000,33.3709,0.0000,26.9510,0.0000,0.0000,3.1621,0.0000,26.9463,387.3259,33.1701,0.0000];	TopMembershipsportsID3=[0.0000,0.0000,23.0802,0.0000,0.0000,0.0000,0.0000,0.0000,0.0000,1.0312,0.0000,0.0000,18.9673,0.0000,38.4160,3.1791,0.0000,243.1718,9.6322,0.0000];	TopMembershipsportsID4=[151.0703,168.1622,0.0000,73.7279,154.6871,144.7167,1.1104,111.8111,164.6707,0.0000,0.0000,113.2114,0.0000,159.5398,0.0000,2.0628,0.0000,1248.2429,44.8034,135.9136];	TopMembershipsportsID5=[4.6956,6.5769,0.0000,3.5326,6.9520,3.6739,1.1355,2.0442,5.4572,0.0000,0.0000,8.4182,0.0000,4.7089,25.0597,0.0000,0.7440,167.3307,1.1021,2.1197];	TopMembershipsportsID6=[4.0580,1.7356,0.0000,0.0000,0.6531,5.5002,0.0000,6.7695,3.8283,6.8525,0.0000,3.7998,0.0000,4.7290,0.7918,0.1299,2.4361,130.5979,5.1937,5.3012];	TopMembershipsportsID7=[0.0000,2.8105,0.0000,0.0000,1.0441,5.8495,14.1656,8.5796,4.3163,0.0000,0.0000,0.0000,0.0000,3.0393,0.0000,0.0000,17.2562,151.9389,3.3658,1.7754];	TopMembershipsportsID8=[3.2583,2.4517,0.0000,0.0000,0.0000,23.4894,80.5088,68.2055,15.6162,16.6220,0.0000,10.4579,0.0000,16.1473,46.8559,0.0000,11.8147,443.0498,59.8877,20.2720];	TopMembershipsportsID9=[0.0000,0.0000,0.0000,1.8771,0.0000,13.9714,0.0000,46.8624,0.0000,0.0000,84.9458,0.0000,1.2934,0.0000,139.2090,0.0000,44.2067,455.7201,58.6750,44.6715];	TopMembershipsportsID10=[8.8324,7.0148,2.7111,1.0547,6.9132,4.4293,0.0000,0.0000,5.5697,2.5205,0.0000,15.3171,0.0000,6.2893,0.0000,21.7040,0.0000,165.7826,0.0000,4.6583];
it5000_sports = [TopMembershipsportsID1; TopMembershipsportsID2; TopMembershipsportsID3; TopMembershipsportsID4; TopMembershipsportsID5; TopMembershipsportsID6; TopMembershipsportsID7; TopMembershipsportsID8; TopMembershipsportsID9; TopMembershipsportsID10 ]

