TopMembershipcrimeID1=[0.0000,7.4156,0.0000,0.0000,6.5815,0.0000,71.9381,2.8979,0.0000,0.0000,0.0000,0.0000,2.7980,0.0000,7.2257,0.0000,8.7004,4.6255,2.3453,0.0000];	TopMembershipcrimeID2=[0.0000,0.0000,21.1468,0.0000,5.6708,0.0000,98.0257,0.0000,0.0000,0.0000,0.0000,2.3203,9.0161,0.0000,25.9902,8.6504,11.9827,16.5809,0.0000,0.0000];	TopMembershipcrimeID3=[0.0000,72.6220,5.2890,0.0000,83.8800,0.0000,166.5689,0.0000,0.0000,0.0000,0.0000,18.2508,0.0000,0.0000,107.4655,16.4355,7.3822,0.0000,0.0000,0.0000];	TopMembershipcrimeID4=[0.0000,0.0000,10.1230,0.0000,2.3759,0.0000,43.6502,0.0000,0.0000,0.0000,0.0000,0.0000,5.9893,0.0000,10.4932,7.9764,4.3357,11.8790,0.0000,0.0000];	TopMembershipcrimeID5=[2.6547,13.4252,0.0000,0.0000,14.9794,2.0725,58.2395,0.0000,7.0698,0.0000,0.0000,7.2915,0.0000,1.2298,0.0000,0.0000,0.0000,0.0000,0.0000,0.0000];	TopMembershipcrimeID6=[0.0000,2.6243,0.0000,0.0000,4.4829,0.0000,16.0991,0.0000,0.0000,0.0000,0.0000,2.9055,0.0000,0.0000,0.0000,7.9963,0.0000,0.0000,0.0000,0.0000];	TopMembershipcrimeID7=[0.0000,0.1701,7.9981,0.0000,3.6604,0.0000,58.4936,2.6876,0.0000,0.0000,0.0000,0.0000,14.7799,0.0000,25.8410,0.0000,10.9043,0.0000,0.0000,0.0000];	TopMembershipcrimeID8=[0.0000,1.0529,3.7315,0.0000,2.5781,0.0000,22.6138,0.2246,0.0000,0.0000,0.0000,0.0000,5.5333,0.0000,5.6775,2.1750,1.0388,4.5996,0.0000,0.0000];	TopMembershipcrimeID9=[0.0000,7.3491,0.0000,0.0000,3.1715,5.3296,26.2624,0.0000,4.2588,0.0000,0.0000,2.7010,0.0000,0.0000,0.0000,0.0000,16.0362,0.0000,0.0000,0.0000];	TopMembershipcrimeID10=[0.0000,0.0000,7.1388,0.0000,0.0000,0.0000,24.8876,0.0000,0.0000,0.0000,0.0000,0.0000,1.1620,0.0000,6.4968,3.2649,1.1889,4.1843,0.0000,0.0000];
it2000_crime = [TopMembershipcrimeID1; TopMembershipcrimeID2; TopMembershipcrimeID3; TopMembershipcrimeID4; TopMembershipcrimeID5; TopMembershipcrimeID6; TopMembershipcrimeID7; TopMembershipcrimeID8; TopMembershipcrimeID9; TopMembershipcrimeID10 ]

TopMembershipeconomyID1=[52.0895,151.1073,102.7883,234.8584,170.6107,72.6120,29.6095,0.0000,12.0782,0.0000,93.9958,454.5826,0.0000,123.8675,481.0658,0.0000,21.1089,0.0000,14.8599,183.8363];	TopMembershipeconomyID2=[0.0000,17.6532,3.6948,0.0000,5.3489,0.0000,12.2974,5.3122,14.5780,0.0000,0.0000,103.0645,32.8866,0.0000,0.0000,47.2912,0.0000,59.8096,0.0000,8.8888];	TopMembershipeconomyID3=[9.2332,3.5268,8.8946,0.0000,6.4161,0.0000,0.0000,0.0000,0.0000,2.6172,0.0000,16.0793,6.6549,3.6915,20.6048,17.2418,0.0000,0.0000,0.0000,1.5037];	TopMembershipeconomyID4=[21.2759,25.9455,9.0776,0.0000,33.7263,0.0000,22.7452,0.0000,5.1883,0.0000,0.0000,0.0000,38.6322,0.0000,0.0000,73.5381,0.0000,0.0000,0.0000,0.0000];	TopMembershipeconomyID5=[25.4231,15.4475,5.4968,2.4793,24.8450,0.0000,29.1213,11.0648,0.0000,2.4806,0.0000,35.9452,33.7180,5.6873,41.5373,19.2357,0.0000,0.0000,5.7315,0.0000];	TopMembershipeconomyID6=[13.9342,11.8972,0.0000,0.8273,14.2373,0.0000,20.4967,19.0107,1.5043,2.0797,0.0000,0.0000,33.7721,4.6378,12.5749,12.4702,0.0000,0.0000,10.9904,0.0000];	TopMembershipeconomyID7=[2.4796,5.2811,19.2870,0.0000,5.1654,0.0000,5.0137,13.5018,0.2143,0.0000,0.0000,0.0000,31.4818,0.0000,0.0000,30.5685,0.0000,0.0000,3.1177,0.0000];	TopMembershipeconomyID8=[0.0000,0.0000,48.4724,14.7325,0.0000,0.0000,0.0000,0.0000,0.0000,0.0000,17.2301,0.0000,9.0463,0.0000,14.5649,0.0000,0.0000,0.9401,0.0000,4.4558];	TopMembershipeconomyID9=[0.0000,0.0000,39.8569,0.0000,0.0000,0.0000,0.0000,0.0000,0.0000,0.0000,0.0000,0.0000,3.6340,0.5511,55.3357,13.2572,0.7114,0.0000,0.0000,15.9283];	TopMembershipeconomyID10=[0.0000,0.0000,112.0667,0.0000,0.0000,0.0000,0.0000,0.0000,0.0000,0.0000,35.3708,0.0000,0.0000,0.0000,0.0000,40.2662,0.0000,43.5675,0.0000,0.0000];
it2000_economy = [TopMembershipeconomyID1; TopMembershipeconomyID2; TopMembershipeconomyID3; TopMembershipeconomyID4; TopMembershipeconomyID5; TopMembershipeconomyID6; TopMembershipeconomyID7; TopMembershipeconomyID8; TopMembershipeconomyID9; TopMembershipeconomyID10 ]

TopMembershipeducationID1=[0.0000,0.9115,0.0000,68.8606,48.7453,11.5607,0.0000,0.0000,0.0000,0.0000,54.7382,46.8170,0.0000,23.0278,510.5354,0.0000,32.8677,66.0264,0.0000,17.9650];	TopMembershipeducationID2=[22.8433,4.1877,0.0000,0.0000,17.1374,0.0000,0.0000,0.0000,0.0000,0.0000,0.0000,1.4860,0.0000,8.2847,79.4391,10.5644,4.5019,0.0000,0.0000,0.0000];	TopMembershipeducationID3=[13.7294,9.5877,2.4051,0.0000,11.3530,21.7868,0.0000,5.8716,0.0000,0.0000,0.0000,5.3548,0.0000,21.6964,84.6309,0.0000,1.6268,0.0000,13.0964,23.7966];	TopMembershipeducationID4=[4.8178,0.0000,5.5308,0.4295,0.0000,0.0000,0.0000,0.0000,0.0000,0.0000,0.0000,0.0000,0.0000,2.0203,69.5352,1.4919,0.0000,16.0429,0.0000,4.0879];	TopMembershipeducationID5=[6.0694,2.5032,1.2813,4.9645,7.1488,1.7969,0.6434,0.0000,0.0000,0.0000,0.5378,0.0000,0.0000,5.1652,39.9838,0.0000,0.0000,3.4513,0.0000,3.4628];	TopMembershipeducationID6=[0.0000,0.0000,8.3367,0.0000,0.0000,0.0000,0.0000,1.3356,0.0000,0.0000,2.0555,0.0000,0.9731,0.0000,35.8711,3.6514,0.6668,0.0000,0.0000,0.0000];	TopMembershipeducationID7=[0.0000,1.6209,1.0861,0.0000,2.4460,0.7931,1.4584,0.0000,0.0000,0.0000,0.0000,1.7167,0.0000,0.6405,13.2142,2.1407,0.3507,0.0000,0.4840,1.3733];	TopMembershipeducationID8=[0.1372,0.0000,0.6016,0.8085,0.0000,0.2543,0.0000,0.0000,0.0000,0.0000,1.2230,0.0000,0.0000,0.2619,9.6065,0.0000,1.0942,0.6477,0.0000,0.2984];	TopMembershipeducationID9=[14.3177,0.0000,3.8039,0.9234,3.3353,4.5027,0.0000,0.2488,0.0000,6.5876,0.0000,0.0000,0.0000,9.2713,56.0796,2.8675,0.0000,7.3559,0.8097,7.9233];	TopMembershipeducationID10=[3.2133,1.9860,0.5832,0.6393,3.5423,2.3055,0.0000,0.0000,0.0000,0.0000,0.0000,1.4835,0.0000,3.5362,18.2906,2.5196,0.2141,0.0000,0.1831,3.3601];
it2000_education = [TopMembershipeducationID1; TopMembershipeducationID2; TopMembershipeducationID3; TopMembershipeducationID4; TopMembershipeducationID5; TopMembershipeducationID6; TopMembershipeducationID7; TopMembershipeducationID8; TopMembershipeducationID9; TopMembershipeducationID10 ]

TopMembershipsportsID1=[0.0000,0.0000,0.0000,105.3230,0.0000,17.5610,0.0000,36.3515,0.0000,0.0000,152.8248,5.0256,0.0000,0.0000,115.0059,0.0000,114.4197,1090.6496,0.0000,37.9379];	TopMembershipsportsID2=[0.0000,0.0000,0.0000,0.0000,0.0000,0.0000,3.0837,0.0000,0.0000,14.0247,0.0000,26.9154,0.0000,0.0000,3.1883,0.0000,26.9411,387.6873,0.0000,0.0000];	TopMembershipsportsID3=[0.0000,0.0000,24.7760,0.0000,0.0000,0.0000,7.0364,17.7847,0.0000,0.0000,0.0000,0.0000,16.2018,0.0000,38.6198,4.3351,0.0000,243.2970,0.0000,1.2850];	TopMembershipsportsID4=[174.5343,213.5811,0.0000,121.3872,221.3329,102.6631,0.0000,0.0000,192.1097,0.0000,0.0000,113.6005,0.0000,175.7591,0.0000,0.0000,0.0000,1250.3885,46.8850,155.1860];	TopMembershipsportsID5=[8.6848,9.1213,0.0000,13.0085,12.9438,0.6305,5.1840,0.0000,1.6473,0.0000,0.0000,8.4190,0.0000,8.1296,25.2449,0.0000,0.7402,167.4970,0.0000,6.8748];	TopMembershipsportsID6=[6.3062,2.3551,0.0000,3.6503,2.6866,2.2017,0.0000,0.0000,4.6778,6.3749,0.0000,3.8289,0.0000,5.9637,0.9796,0.0000,2.4353,130.8063,0.0000,6.3517];	TopMembershipsportsID7=[2.1434,10.4057,0.0000,0.0000,9.7118,3.3786,17.5756,0.0000,8.2631,0.0000,0.0000,0.0000,0.0000,6.1003,0.0000,0.0000,17.2566,152.0395,0.0000,0.5559];	TopMembershipsportsID8=[28.0399,21.3976,0.0000,0.0000,19.7646,27.7187,96.5118,0.0000,17.8167,0.0000,0.0000,10.2376,0.0000,34.1863,46.7846,0.0000,11.8073,443.0939,0.0000,17.0562];	TopMembershipsportsID9=[0.0000,0.0000,0.0000,0.0000,0.0000,46.3800,15.7624,89.0030,0.0000,0.0000,95.2833,0.0000,0.0000,0.0000,139.7808,0.0000,44.1620,456.0824,0.0000,34.3751];	TopMembershipsportsID10=[7.7154,5.5773,0.0000,9.5318,7.1842,0.0000,0.0000,0.0000,6.2722,5.8186,0.0000,15.3930,0.3166,4.9710,0.0000,21.2091,0.0000,166.0885,0.0000,9.5768];
it2000_sports = [TopMembershipsportsID1; TopMembershipsportsID2; TopMembershipsportsID3; TopMembershipsportsID4; TopMembershipsportsID5; TopMembershipsportsID6; TopMembershipsportsID7; TopMembershipsportsID8; TopMembershipsportsID9; TopMembershipsportsID10 ]

